0 51164.7196
391.995435981749 342.573833333333
0 0
369.994422711634 579.740333333333
0 52.7036666666667
369.994422711634 36.8925666666667
0 279.329433333333
329.62755691287 216.085033333333
0 105.407333333333
329.62755691287 1275.42873333333
0 14551.4823666667
329.62755691287 295.140533333333
0 1407.1879
391.995435981749 200.273933333333
0 89.5962333333333
391.995435981749 184.462833333333
0 79.0555
391.995435981749 226.625766666667
0 142.2999
369.994422711634 200.273933333333
0 131.759166666667
369.994422711634 780.014266666667
0 474.333
440 316.222
0 73.7851333333333
391.995435981749 237.1665
0 73.7851333333333
369.994422711634 210.814666666667
0 110.6777
293.664767917408 226.625766666667
0 94.8666
293.664767917408 837.9883
0 5486.4517
391.995435981749 163.381366666667
0 100.136966666667
391.995435981749 147.570266666667
0 179.192466666667
391.995435981749 179.192466666667
0 152.840633333333
369.994422711634 168.651733333333
0 152.840633333333
369.994422711634 706.229133333333
0 342.573833333333
369.994422711634 179.192466666667
0 0
440 263.518333333333
0 68.5147666666667
391.995435981749 200.273933333333
0 131.759166666667
369.994422711634 179.192466666667
0 105.407333333333
293.664767917408 184.462833333333
0 147.570266666667
293.664767917408 827.447566666667
0 14314.3158666667
261.625565300599 595.551433333333
0 5.27036666666667
246.941650628062 390.007133333333
0 179.192466666667
220 606.092166666667
0 26.3518333333333
261.625565300599 585.0107
0 47.4333
246.941650628062 1649.62476666667
0 2150.3096
440 505.9552
0 84.3258666666667
391.995435981749 532.307033333333
0 115.948066666667
329.62755691287 885.4216
0 368.925666666667
329.62755691287 321.492366666667
0 26.3518333333333
440 695.6884
0 453.251533333333
329.62755691287 126.4888
0 15.8111
369.994422711634 1243.80653333333
0 943.395633333333
329.62755691287 1897.332
0 2029.09116666667
391.995435981749 200.273933333333
0 184.462833333333
391.995435981749 184.462833333333
0 47.4333
391.995435981749 226.625766666667
0 94.8666
369.994422711634 200.273933333333
0 68.5147666666667
369.994422711634 780.014266666667
0 505.9552
440 316.222
0 57.9740333333333
391.995435981749 237.1665
0 42.1629333333333
369.994422711634 210.814666666667
0 158.111
293.664767917408 226.625766666667
0 94.8666
293.664767917408 642.984733333333
0 5649.83306666667
391.995435981749 163.381366666667
0 179.192466666667
391.995435981749 147.570266666667
0 115.948066666667
391.995435981749 179.192466666667
0 121.218433333333
369.994422711634 168.651733333333
0 121.218433333333
369.994422711634 706.229133333333
0 421.629333333333
369.994422711634 179.192466666667
0 0
440 263.518333333333
0 68.5147666666667
391.995435981749 200.273933333333
0 131.759166666667
369.994422711634 179.192466666667
0 105.407333333333
293.664767917408 184.462833333333
0 147.570266666667
293.664767917408 827.447566666667
0 1844.62833333333
440 484.873733333333
0 131.759166666667
391.995435981749 490.1441
0 105.407333333333
369.994422711634 574.469966666667
0 57.9740333333333
391.995435981749 679.8773
0 68.5147666666667
329.62755691287 1101.50663333333
0 94.8666
329.62755691287 1027.7215
0 47.4333
369.994422711634 922.314166666667
0 237.1665
293.664767917408 996.0993
0 0
246.941650628062 2002.73933333333
0 5.27036666666667
329.62755691287 1038.26223333333
0 26.3518333333333
329.62755691287 21.0814666666667
0 189.7332
369.994422711634 953.936366666667
0 36.8925666666667
440 47.4333
0 268.7887
391.995435981749 21.0814666666667
0 79.0555
369.994422711634 57.9740333333333
0 806.3661
293.664767917408 0
0 36.8925666666667
329.62755691287 52.7036666666667
0 2044.90226666667
246.941650628062 5.27036666666667
0 21.0814666666667
440 579.740333333333
0 5.27036666666667
369.994422711634 26.3518333333333
0 284.5998
329.62755691287 10.5407333333333
0 237.1665
329.62755691287 1401.91753333333
0 105.407333333333
391.995435981749 52.7036666666667
0 1227.99543333333
329.62755691287 1438.8101
0 2108.14666666667
391.995435981749 36.8925666666667
0 252.9776
369.994422711634 15.8111
0 316.222
391.995435981749 1017.18076666667
0 263.518333333333
246.941650628062 189.7332
0 126.4888
246.941650628062 516.495933333333
0 189.7332
369.994422711634 63.2444
0 2092.33556666667
391.995435981749 147.570266666667
0 115.948066666667
391.995435981749 94.8666
0 79.0555
391.995435981749 168.651733333333
0 126.4888
369.994422711634 79.0555
0 79.0555
369.994422711634 84.3258666666667
0 94.8666
369.994422711634 163.381366666667
0 115.948066666667
293.664767917408 94.8666
0 84.3258666666667
293.664767917408 184.462833333333
0 121.218433333333
349.228231433004 184.462833333333
0 147.570266666667
329.62755691287 2513.9649
0 9038.67883333333
391.995435981749 200.273933333333
0 89.5962333333333
391.995435981749 184.462833333333
0 79.0555
391.995435981749 226.625766666667
0 94.8666
369.994422711634 200.273933333333
0 131.759166666667
369.994422711634 780.014266666667
0 411.0886
440 316.222
0 73.7851333333333
391.995435981749 237.1665
0 73.7851333333333
369.994422711634 210.814666666667
0 110.6777
293.664767917408 226.625766666667
0 94.8666
293.664767917408 837.9883
0 5328.3407
391.995435981749 163.381366666667
0 226.625766666667
391.995435981749 147.570266666667
0 100.136966666667
391.995435981749 179.192466666667
0 121.218433333333
369.994422711634 168.651733333333
0 137.029533333333
369.994422711634 706.229133333333
0 421.629333333333
369.994422711634 179.192466666667
0 0
440 263.518333333333
0 68.5147666666667
391.995435981749 200.273933333333
0 131.759166666667
369.994422711634 179.192466666667
0 105.407333333333
293.664767917408 184.462833333333
0 147.570266666667
293.664767917408 827.447566666667
0 1844.62833333333
440 484.873733333333
0 131.759166666667
391.995435981749 490.1441
0 105.407333333333
369.994422711634 574.469966666667
0 57.9740333333333
391.995435981749 679.8773
0 1270.15836666667
329.62755691287 1038.26223333333
0 26.3518333333333
329.62755691287 21.0814666666667
0 189.7332
369.994422711634 953.936366666667
0 36.8925666666667
440 47.4333
0 268.7887
391.995435981749 21.0814666666667
0 79.0555
369.994422711634 57.9740333333333
0 806.3661
293.664767917408 0
0 36.8925666666667
329.62755691287 52.7036666666667
0 2044.90226666667
246.941650628062 5.27036666666667
0 21.0814666666667
391.995435981749 1106.777
0 0
369.994422711634 1106.777
0 0
523.251130601197 1106.777
0 0
493.883301256124 5059.552
0 0
369.994422711634 0
