0 27832.8063666667
48.9994294977187 5.27036666666667
0 47.4333
48.9994294977187 52.7036666666667
0 0
48.9994294977187 52.7036666666667
0 5.27036666666667
48.9994294977187 5.27036666666667
0 52.7036666666667
48.9994294977187 5.27036666666667
0 42.1629333333333
48.9994294977187 52.7036666666667
0 0
48.9994294977187 52.7036666666667
0 0
48.9994294977187 52.7036666666667
0 0
48.9994294977187 52.7036666666667
0 5.27036666666667
48.9994294977187 47.4333
0 5.27036666666667
48.9994294977187 5.27036666666667
0 47.4333
48.9994294977187 5.27036666666667
0 47.4333
48.9994294977187 52.7036666666667
0 5.27036666666667
48.9994294977187 5.27036666666667
0 52.7036666666667
48.9994294977187 5.27036666666667
0 42.1629333333333
48.9994294977187 47.4333
0 0
48.9994294977187 10.5407333333333
0 42.1629333333333
48.9994294977187 5.27036666666667
0 47.4333
48.9994294977187 47.4333
0 5.27036666666667
48.9994294977187 52.7036666666667
0 5.27036666666667
48.9994294977187 47.4333
0 0
48.9994294977187 5.27036666666667
0 47.4333
48.9994294977187 5.27036666666667
0 52.7036666666667
48.9994294977187 42.1629333333333
0 10.5407333333333
48.9994294977187 5.27036666666667
0 47.4333
48.9994294977187 5.27036666666667
0 42.1629333333333
48.9994294977187 5.27036666666667
0 52.7036666666667
48.9994294977187 42.1629333333333
0 5.27036666666667
48.9994294977187 10.5407333333333
0 42.1629333333333
48.9994294977187 5.27036666666667
0 47.4333
48.9994294977187 47.4333
0 0
48.9994294977187 57.9740333333333
0 0
48.9994294977187 47.4333
0 5.27036666666667
48.9994294977187 52.7036666666667
0 0
48.9994294977187 52.7036666666667
0 0
48.9994294977187 5.27036666666667
0 52.7036666666667
48.9994294977187 42.1629333333333
0 5.27036666666667
48.9994294977187 5.27036666666667
0 47.4333
48.9994294977187 52.7036666666667
0 0
48.9994294977187 52.7036666666667
0 0
48.9994294977187 5.27036666666667
0 52.7036666666667
48.9994294977187 47.4333
0 0
48.9994294977187 57.9740333333333
0 5.27036666666667
48.9994294977187 42.1629333333333
0 5.27036666666667
48.9994294977187 5.27036666666667
0 100.136966666667
48.9994294977187 5.27036666666667
0 47.4333
48.9994294977187 52.7036666666667
0 0
48.9994294977187 52.7036666666667
0 5.27036666666667
48.9994294977187 5.27036666666667
0 52.7036666666667
48.9994294977187 5.27036666666667
0 42.1629333333333
48.9994294977187 52.7036666666667
0 0
48.9994294977187 52.7036666666667
0 0
48.9994294977187 52.7036666666667
0 0
48.9994294977187 52.7036666666667
0 5.27036666666667
48.9994294977187 47.4333
0 5.27036666666667
48.9994294977187 5.27036666666667
0 47.4333
48.9994294977187 5.27036666666667
0 47.4333
48.9994294977187 52.7036666666667
0 5.27036666666667
48.9994294977187 5.27036666666667
0 52.7036666666667
48.9994294977187 5.27036666666667
0 42.1629333333333
48.9994294977187 47.4333
0 0
48.9994294977187 10.5407333333333
0 42.1629333333333
48.9994294977187 5.27036666666667
0 47.4333
48.9994294977187 47.4333
0 5.27036666666667
48.9994294977187 52.7036666666667
0 5.27036666666667
48.9994294977187 47.4333
0 0
48.9994294977187 5.27036666666667
0 47.4333
48.9994294977187 5.27036666666667
0 52.7036666666667
48.9994294977187 42.1629333333333
0 10.5407333333333
48.9994294977187 5.27036666666667
0 47.4333
48.9994294977187 5.27036666666667
0 42.1629333333333
48.9994294977187 5.27036666666667
0 52.7036666666667
48.9994294977187 42.1629333333333
0 5.27036666666667
48.9994294977187 10.5407333333333
0 42.1629333333333
48.9994294977187 5.27036666666667
0 47.4333
48.9994294977187 47.4333
0 0
48.9994294977187 57.9740333333333
0 0
48.9994294977187 47.4333
0 5.27036666666667
48.9994294977187 52.7036666666667
0 0
48.9994294977187 52.7036666666667
0 0
48.9994294977187 5.27036666666667
0 52.7036666666667
48.9994294977187 42.1629333333333
0 5.27036666666667
48.9994294977187 5.27036666666667
0 47.4333
48.9994294977187 52.7036666666667
0 0
48.9994294977187 52.7036666666667
0 0
48.9994294977187 5.27036666666667
0 52.7036666666667
48.9994294977187 0
0 47.4333
48.9994294977187 0
0 0
48.9994294977187 0
0 0
48.9994294977187 0
0 0
48.9994294977187 0
0 0
48.9994294977187 0
0 0
48.9994294977187 0
0 0
48.9994294977187 0
0 0
48.9994294977187 0
0 0
48.9994294977187 0
0 0
48.9994294977187 0
0 0
48.9994294977187 0
0 0
48.9994294977187 0
0 0
48.9994294977187 0
0 0
48.9994294977187 0
0 0
48.9994294977187 0
0 0
48.9994294977187 0
0 0
48.9994294977187 0
0 0
48.9994294977187 0
0 0
48.9994294977187 0
0 0
48.9994294977187 0
0 0
48.9994294977187 0
0 0
48.9994294977187 0
0 0
48.9994294977187 0
0 0
48.9994294977187 0
0 0
48.9994294977187 0
0 0
48.9994294977187 0
0 0
48.9994294977187 0
0 0
48.9994294977187 0
0 0
48.9994294977187 0
0 0
48.9994294977187 0
0 0
48.9994294977187 0
0 0
48.9994294977187 0
0 57.9740333333333
48.9994294977187 0
0 0
48.9994294977187 0
0 0
48.9994294977187 0
0 0
48.9994294977187 0
0 0
48.9994294977187 0
0 0
48.9994294977187 0
0 0
48.9994294977187 0
0 0
48.9994294977187 0
0 0
48.9994294977187 0
0 0
48.9994294977187 0
0 0
48.9994294977187 0
0 0
48.9994294977187 0
0 0
48.9994294977187 0
0 0
48.9994294977187 0
0 0
48.9994294977187 0
0 0
48.9994294977187 0
0 5.27036666666667
48.9994294977187 0
0 0
48.9994294977187 0
0 0
48.9994294977187 0
0 0
48.9994294977187 0
0 0
48.9994294977187 0
0 0
48.9994294977187 0
0 0
48.9994294977187 0
0 0
48.9994294977187 0
0 0
48.9994294977187 0
0 0
48.9994294977187 0
0 0
48.9994294977187 0
0 0
48.9994294977187 0
0 0
48.9994294977187 0
0 0
48.9994294977187 0
0 0
48.9994294977187 0
0 0
48.9994294977187 0
0 42.1629333333333
48.9994294977187 0
0 0
48.9994294977187 0
0 0
48.9994294977187 0
0 0
48.9994294977187 0
0 0
48.9994294977187 0
0 0
48.9994294977187 0
0 0
48.9994294977187 0
0 0
48.9994294977187 0
0 0
48.9994294977187 0
0 0
48.9994294977187 0
0 0
48.9994294977187 0
0 0
48.9994294977187 0
0 0
48.9994294977187 0
0 0
48.9994294977187 0
0 0
48.9994294977187 0
0 0
48.9994294977187 0
0 5.27036666666667
48.9994294977187 0
0 0
48.9994294977187 0
0 0
48.9994294977187 0
0 0
48.9994294977187 0
0 0
48.9994294977187 0
0 0
48.9994294977187 0
0 0
48.9994294977187 0
0 0
48.9994294977187 0
0 0
48.9994294977187 0
0 0
48.9994294977187 0
0 0
48.9994294977187 0
0 0
48.9994294977187 0
0 0
48.9994294977187 0
0 0
48.9994294977187 0
0 0
48.9994294977187 0
0 0
48.9994294977187 0
0 5.27036666666667
48.9994294977187 0
0 0
48.9994294977187 0
0 0
48.9994294977187 0
0 0
48.9994294977187 0
0 0
48.9994294977187 0
0 0
48.9994294977187 0
0 0
48.9994294977187 0
0 0
48.9994294977187 0
0 0
48.9994294977187 0
0 0
48.9994294977187 0
0 0
48.9994294977187 0
0 0
48.9994294977187 0
0 0
48.9994294977187 0
0 0
48.9994294977187 0
0 0
48.9994294977187 0
0 0
48.9994294977187 0
0 100.136966666667
48.9994294977187 0
0 0
48.9994294977187 0
0 0
48.9994294977187 0
0 0
48.9994294977187 0
0 0
48.9994294977187 0
0 0
48.9994294977187 0
0 0
48.9994294977187 0
0 0
48.9994294977187 0
0 0
48.9994294977187 0
0 0
48.9994294977187 0
0 0
48.9994294977187 0
0 0
48.9994294977187 0
0 0
48.9994294977187 0
0 0
48.9994294977187 0
0 0
48.9994294977187 0
0 0
48.9994294977187 0
0 1955.30603333333
48.9994294977187 5.27036666666667
0 47.4333
48.9994294977187 52.7036666666667
0 0
48.9994294977187 52.7036666666667
0 5.27036666666667
48.9994294977187 5.27036666666667
0 52.7036666666667
48.9994294977187 5.27036666666667
0 42.1629333333333
48.9994294977187 52.7036666666667
0 0
48.9994294977187 52.7036666666667
0 0
48.9994294977187 52.7036666666667
0 0
48.9994294977187 52.7036666666667
0 5.27036666666667
48.9994294977187 47.4333
0 5.27036666666667
48.9994294977187 5.27036666666667
0 47.4333
48.9994294977187 5.27036666666667
0 47.4333
48.9994294977187 52.7036666666667
0 5.27036666666667
48.9994294977187 5.27036666666667
0 52.7036666666667
48.9994294977187 5.27036666666667
0 42.1629333333333
48.9994294977187 47.4333
0 0
48.9994294977187 10.5407333333333
0 42.1629333333333
48.9994294977187 5.27036666666667
0 47.4333
48.9994294977187 47.4333
0 5.27036666666667
48.9994294977187 52.7036666666667
0 5.27036666666667
48.9994294977187 47.4333
0 0
48.9994294977187 5.27036666666667
0 47.4333
48.9994294977187 0
0 47.4333
48.9994294977187 0
0 0
48.9994294977187 0
0 0
48.9994294977187 0
0 0
48.9994294977187 0
0 0
48.9994294977187 0
0 0
48.9994294977187 0
0 0
48.9994294977187 0
0 0
48.9994294977187 0
0 0
48.9994294977187 0
0 0
48.9994294977187 0
0 0
48.9994294977187 0
0 0
48.9994294977187 0
0 0
48.9994294977187 0
0 0
48.9994294977187 0
0 0
48.9994294977187 0
0 0
48.9994294977187 0
0 5.27036666666667
48.9994294977187 0
0 0
48.9994294977187 0
0 0
48.9994294977187 0
0 0
48.9994294977187 0
0 0
48.9994294977187 0
0 0
48.9994294977187 0
0 0
48.9994294977187 0
0 0
48.9994294977187 0
0 0
48.9994294977187 0
0 0
48.9994294977187 0
0 0
48.9994294977187 0
0 0
48.9994294977187 0
0 0
48.9994294977187 0
0 0
48.9994294977187 0
0 0
48.9994294977187 0
0 0
48.9994294977187 0
0 52.7036666666667
48.9994294977187 0
0 0
48.9994294977187 0
0 0
48.9994294977187 0
0 0
48.9994294977187 0
0 0
48.9994294977187 0
0 0
48.9994294977187 0
0 0
48.9994294977187 0
0 0
48.9994294977187 0
0 0
48.9994294977187 0
0 0
48.9994294977187 0
0 0
48.9994294977187 0
0 0
48.9994294977187 0
0 0
48.9994294977187 0
0 0
48.9994294977187 0
0 0
48.9994294977187 0
0 0
48.9994294977187 0
0 47.4333
48.9994294977187 0
0 0
48.9994294977187 0
0 0
48.9994294977187 0
0 0
48.9994294977187 0
0 0
48.9994294977187 0
0 0
48.9994294977187 0
0 0
48.9994294977187 0
0 0
48.9994294977187 0
0 0
48.9994294977187 0
0 0
48.9994294977187 0
0 0
48.9994294977187 0
0 0
48.9994294977187 0
0 0
48.9994294977187 0
0 0
48.9994294977187 0
0 0
48.9994294977187 0
0 0
48.9994294977187 0
