0 17381.6692666667
659.25511382574 326.762733333333
0 0
493.883301256124 15.8111
0 274.059066666667
659.25511382574 15.8111
0 295.140533333333
987.766602512248 5.27036666666667
0 0
493.883301256124 15.8111
0 300.4109
659.25511382574 15.8111
0 300.4109
493.883301256124 15.8111
0 252.9776
659.25511382574 10.5407333333333
0 305.681266666667
493.883301256124 15.8111
0 300.4109
659.25511382574 5.27036666666667
0 73.7851333333333
493.883301256124 15.8111
0 300.4109
659.25511382574 10.5407333333333
0 305.681266666667
493.883301256124 15.8111
0 263.518333333333
659.25511382574 10.5407333333333
0 305.681266666667
493.883301256124 21.0814666666667
0 295.140533333333
659.25511382574 15.8111
0 300.4109
659.25511382574 31.6222
0 279.329433333333
329.62755691287 10.5407333333333
0 305.681266666667
523.251130601197 15.8111
0 289.870166666667
880 10.5407333333333
0 0
659.25511382574 15.8111
0 289.870166666667
523.251130601197 15.8111
0 0
659.25511382574 15.8111
0 300.4109
523.251130601197 15.8111
0 279.329433333333
659.25511382574 15.8111
0 300.4109
523.251130601197 15.8111
0 300.4109
659.25511382574 15.8111
0 263.518333333333
523.251130601197 15.8111
0 300.4109
659.25511382574 15.8111
0 300.4109
523.251130601197 15.8111
0 263.518333333333
659.25511382574 15.8111
0 300.4109
523.251130601197 15.8111
0 300.4109
659.25511382574 15.8111
0 300.4109
659.25511382574 258.247966666667
0 57.9740333333333
493.883301256124 15.8111
0 274.059066666667
659.25511382574 15.8111
0 295.140533333333
987.766602512248 5.27036666666667
0 0
493.883301256124 15.8111
0 300.4109
659.25511382574 15.8111
0 300.4109
493.883301256124 15.8111
0 252.9776
659.25511382574 10.5407333333333
0 305.681266666667
493.883301256124 15.8111
0 300.4109
659.25511382574 5.27036666666667
0 73.7851333333333
493.883301256124 15.8111
0 300.4109
659.25511382574 10.5407333333333
0 305.681266666667
493.883301256124 15.8111
0 263.518333333333
659.25511382574 10.5407333333333
0 305.681266666667
493.883301256124 21.0814666666667
0 295.140533333333
659.25511382574 15.8111
0 300.4109
659.25511382574 31.6222
0 279.329433333333
329.62755691287 10.5407333333333
0 305.681266666667
523.251130601197 15.8111
0 289.870166666667
880 10.5407333333333
0 0
659.25511382574 15.8111
0 289.870166666667
523.251130601197 15.8111
0 0
659.25511382574 15.8111
0 300.4109
523.251130601197 15.8111
0 279.329433333333
659.25511382574 15.8111
0 300.4109
523.251130601197 15.8111
0 300.4109
659.25511382574 15.8111
0 263.518333333333
523.251130601197 15.8111
0 300.4109
659.25511382574 15.8111
0 300.4109
523.251130601197 15.8111
0 263.518333333333
659.25511382574 15.8111
0 300.4109
523.251130601197 15.8111
0 300.4109
659.25511382574 15.8111
0 300.4109
659.25511382574 258.247966666667
0 57.9740333333333
493.883301256124 15.8111
0 274.059066666667
659.25511382574 15.8111
0 295.140533333333
987.766602512248 5.27036666666667
0 0
493.883301256124 15.8111
0 300.4109
659.25511382574 15.8111
0 300.4109
493.883301256124 15.8111
0 252.9776
659.25511382574 10.5407333333333
0 305.681266666667
493.883301256124 15.8111
0 300.4109
659.25511382574 5.27036666666667
0 73.7851333333333
493.883301256124 15.8111
0 300.4109
659.25511382574 10.5407333333333
0 305.681266666667
493.883301256124 15.8111
0 263.518333333333
659.25511382574 10.5407333333333
0 305.681266666667
493.883301256124 21.0814666666667
0 295.140533333333
659.25511382574 15.8111
0 300.4109
659.25511382574 31.6222
0 279.329433333333
329.62755691287 10.5407333333333
0 305.681266666667
523.251130601197 15.8111
0 289.870166666667
880 10.5407333333333
0 0
659.25511382574 15.8111
0 289.870166666667
523.251130601197 15.8111
0 0
659.25511382574 15.8111
0 300.4109
523.251130601197 15.8111
0 279.329433333333
659.25511382574 15.8111
0 300.4109
523.251130601197 15.8111
0 300.4109
659.25511382574 15.8111
0 263.518333333333
523.251130601197 15.8111
0 300.4109
659.25511382574 15.8111
0 300.4109
523.251130601197 15.8111
0 263.518333333333
659.25511382574 15.8111
0 300.4109
523.251130601197 15.8111
0 300.4109
659.25511382574 15.8111
0 300.4109
659.25511382574 258.247966666667
0 57.9740333333333
659.25511382574 326.762733333333
0 0
493.883301256124 15.8111
0 274.059066666667
659.25511382574 15.8111
0 295.140533333333
987.766602512248 5.27036666666667
0 0
493.883301256124 15.8111
0 300.4109
659.25511382574 15.8111
0 300.4109
493.883301256124 15.8111
0 252.9776
659.25511382574 10.5407333333333
0 305.681266666667
493.883301256124 15.8111
0 300.4109
659.25511382574 5.27036666666667
0 73.7851333333333
493.883301256124 15.8111
0 300.4109
659.25511382574 10.5407333333333
0 305.681266666667
493.883301256124 15.8111
0 263.518333333333
659.25511382574 10.5407333333333
0 305.681266666667
493.883301256124 21.0814666666667
0 295.140533333333
659.25511382574 15.8111
0 300.4109
659.25511382574 31.6222
0 279.329433333333
329.62755691287 10.5407333333333
0 305.681266666667
523.251130601197 15.8111
0 289.870166666667
880 10.5407333333333
0 0
659.25511382574 15.8111
0 289.870166666667
523.251130601197 15.8111
0 0
659.25511382574 15.8111
0 300.4109
523.251130601197 15.8111
0 279.329433333333
659.25511382574 15.8111
0 300.4109
523.251130601197 15.8111
0 300.4109
659.25511382574 15.8111
0 263.518333333333
523.251130601197 15.8111
0 300.4109
659.25511382574 15.8111
0 300.4109
523.251130601197 15.8111
0 263.518333333333
659.25511382574 15.8111
0 300.4109
523.251130601197 15.8111
0 300.4109
659.25511382574 15.8111
0 300.4109
659.25511382574 258.247966666667
0 57.9740333333333
493.883301256124 15.8111
0 274.059066666667
659.25511382574 15.8111
0 295.140533333333
987.766602512248 5.27036666666667
0 0
493.883301256124 15.8111
0 300.4109
659.25511382574 15.8111
0 300.4109
493.883301256124 15.8111
0 252.9776
659.25511382574 10.5407333333333
0 305.681266666667
493.883301256124 15.8111
0 300.4109
659.25511382574 5.27036666666667
0 73.7851333333333
493.883301256124 15.8111
0 300.4109
659.25511382574 10.5407333333333
0 305.681266666667
493.883301256124 15.8111
0 263.518333333333
659.25511382574 10.5407333333333
0 305.681266666667
493.883301256124 21.0814666666667
0 295.140533333333
659.25511382574 15.8111
0 300.4109
659.25511382574 31.6222
0 279.329433333333
329.62755691287 10.5407333333333
0 305.681266666667
523.251130601197 15.8111
0 289.870166666667
880 10.5407333333333
0 0
659.25511382574 15.8111
0 289.870166666667
523.251130601197 15.8111
0 0
659.25511382574 15.8111
0 300.4109
523.251130601197 15.8111
0 279.329433333333
659.25511382574 15.8111
0 300.4109
523.251130601197 15.8111
0 300.4109
659.25511382574 15.8111
0 263.518333333333
523.251130601197 15.8111
0 300.4109
659.25511382574 15.8111
0 300.4109
523.251130601197 15.8111
0 263.518333333333
659.25511382574 15.8111
0 300.4109
523.251130601197 15.8111
0 300.4109
659.25511382574 15.8111
0 300.4109
659.25511382574 258.247966666667
0 57.9740333333333
493.883301256124 15.8111
0 274.059066666667
659.25511382574 15.8111
0 295.140533333333
987.766602512248 5.27036666666667
0 0
493.883301256124 15.8111
0 300.4109
659.25511382574 15.8111
0 300.4109
493.883301256124 15.8111
0 252.9776
659.25511382574 10.5407333333333
0 305.681266666667
493.883301256124 15.8111
0 300.4109
659.25511382574 5.27036666666667
0 73.7851333333333
493.883301256124 15.8111
0 300.4109
659.25511382574 10.5407333333333
0 305.681266666667
493.883301256124 15.8111
0 263.518333333333
659.25511382574 10.5407333333333
0 305.681266666667
493.883301256124 21.0814666666667
0 295.140533333333
659.25511382574 15.8111
0 300.4109
659.25511382574 31.6222
0 279.329433333333
329.62755691287 10.5407333333333
0 321.492366666667
329.62755691287 300.4109
