0 45514.8865333333
493.883301256124 31.6222
0 569.1996
493.883301256124 5.27036666666667
0 15.8111
329.62755691287 4975.22613333333
0 57.9740333333333
523.251130601197 5.27036666666667
0 0
329.62755691287 4896.17063333333
0 68.5147666666667
523.251130601197 47.4333
0 31.6222
329.62755691287 4927.79283333333
0 73.7851333333333
493.883301256124 47.4333
0 5.27036666666667
329.62755691287 4896.17063333333
0 5.27036666666667
329.62755691287 10.5407333333333
0 1412.45826666667
329.62755691287 2398.01683333333
0 131.759166666667
329.62755691287 5.27036666666667
0 10.5407333333333
493.883301256124 10.5407333333333
0 5.27036666666667
440 1101.50663333333
0 137.029533333333
391.995435981749 0
0 5.27036666666667
293.664767917408 2398.01683333333
0 0
369.994422711634 131.759166666667
0 0
523.251130601197 1117.31773333333
0 21.0814666666667
369.994422711634 5.27036666666667
0 121.218433333333
329.62755691287 2398.01683333333
0 131.759166666667
329.62755691287 5.27036666666667
0 5.27036666666667
391.995435981749 10.5407333333333
0 0
523.251130601197 1122.5881
0 126.4888
293.664767917408 10.5407333333333
0 2398.01683333333
369.994422711634 5.27036666666667
0 0
329.62755691287 2508.69453333333
0 0
329.62755691287 4743.33
0 316.222
369.994422711634 0
0 0
329.62755691287 5059.552
0 0
523.251130601197 0
0 0
329.62755691287 4743.33
0 316.222
493.883301256124 0
0 0
329.62755691287 5059.552
0 0
523.251130601197 0
0 2524.50563333333
329.62755691287 2398.01683333333
0 131.759166666667
329.62755691287 5.27036666666667
0 10.5407333333333
493.883301256124 10.5407333333333
0 5.27036666666667
440 1101.50663333333
0 137.029533333333
391.995435981749 0
0 5.27036666666667
293.664767917408 2398.01683333333
0 0
369.994422711634 131.759166666667
0 0
523.251130601197 1117.31773333333
0 21.0814666666667
369.994422711634 5.27036666666667
0 121.218433333333
329.62755691287 2398.01683333333
0 131.759166666667
329.62755691287 5.27036666666667
0 5.27036666666667
391.995435981749 10.5407333333333
0 0
523.251130601197 1122.5881
0 126.4888
293.664767917408 10.5407333333333
0 2398.01683333333
369.994422711634 5.27036666666667
0 0
329.62755691287 2508.69453333333
0 0
329.62755691287 2371.665
0 84.3258666666667
261.625565300599 26.3518333333333
0 47.4333
440 2440.17976666667
0 10.5407333333333
440 10.5407333333333
0 68.5147666666667
329.62755691287 2408.55756666667
0 21.0814666666667
329.62755691287 2482.3427
0 0
369.994422711634 5.27036666666667
0 42.1629333333333
329.62755691287 2350.58353333333
0 94.8666
261.625565300599 10.5407333333333
0 73.7851333333333
369.994422711634 2371.665
0 26.3518333333333
293.664767917408 26.3518333333333
0 105.407333333333
329.62755691287 2392.74646666667
0 137.029533333333
329.62755691287 26.3518333333333
0 5.27036666666667
369.994422711634 574.469966666667
0 57.9740333333333
493.883301256124 89.5962333333333
0 527.036666666667
493.883301256124 21.0814666666667
0 0
523.251130601197 10.5407333333333
0 2382.20573333333
329.62755691287 31.6222
0 21.0814666666667
391.995435981749 2424.36866666667
0 5.27036666666667
493.883301256124 10.5407333333333
0 68.5147666666667
311.126983722081 2408.55756666667
0 5.27036666666667
440 5.27036666666667
0 115.948066666667
369.994422711634 606.092166666667
0 26.3518333333333
493.883301256124 15.8111
0 600.8218
493.883301256124 0
0 15.8111
523.251130601197 2440.17976666667
0 31.6222
523.251130601197 15.8111
0 42.1629333333333
329.62755691287 2387.4761
0 5.27036666666667
329.62755691287 31.6222
0 105.407333333333
329.62755691287 2361.12426666667
0 21.0814666666667
369.994422711634 36.8925666666667
0 110.6777
329.62755691287 15.8111
0 5.27036666666667
783.990871963498 5.27036666666667
0 4848.73733333333
329.62755691287 15.8111
0 52.7036666666667
329.62755691287 4969.95576666667
0 21.0814666666667
391.995435981749 5.27036666666667
0 63.2444
329.62755691287 4896.17063333333
0 15.8111
493.883301256124 0
0 147.570266666667
523.251130601197 2387.4761
0 5.27036666666667
391.995435981749 84.3258666666667
0 52.7036666666667
369.994422711634 2461.26123333333
0 5.27036666666667
587.329535834815 15.8111
0 42.1629333333333
329.62755691287 2398.01683333333
0 131.759166666667
329.62755691287 5.27036666666667
0 10.5407333333333
493.883301256124 10.5407333333333
0 5.27036666666667
440 1101.50663333333
0 137.029533333333
391.995435981749 0
0 5.27036666666667
293.664767917408 2398.01683333333
0 0
369.994422711634 131.759166666667
0 0
523.251130601197 1117.31773333333
0 21.0814666666667
369.994422711634 5.27036666666667
0 121.218433333333
329.62755691287 2398.01683333333
0 131.759166666667
329.62755691287 5.27036666666667
0 5.27036666666667
391.995435981749 10.5407333333333
0 0
523.251130601197 1122.5881
0 126.4888
293.664767917408 10.5407333333333
0 2398.01683333333
369.994422711634 5.27036666666667
0 0
329.62755691287 2508.69453333333
0 0
329.62755691287 2350.58353333333
0 94.8666
261.625565300599 10.5407333333333
0 73.7851333333333
369.994422711634 2371.665
0 26.3518333333333
293.664767917408 26.3518333333333
0 105.407333333333
329.62755691287 2392.74646666667
0 137.029533333333
329.62755691287 26.3518333333333
0 5.27036666666667
369.994422711634 574.469966666667
0 57.9740333333333
493.883301256124 89.5962333333333
0 527.036666666667
329.62755691287 5.27036666666667
0 21.0814666666667
246.941650628062 2324.2317
0 94.8666
261.625565300599 10.5407333333333
0 73.7851333333333
369.994422711634 2371.665
0 26.3518333333333
293.664767917408 26.3518333333333
0 105.407333333333
329.62755691287 2392.74646666667
0 163.381366666667
493.883301256124 5.27036666666667
