0 43011.4623666667
329.62755691287 36.8925666666667
0 1860.43943333333
246.941650628062 21.0814666666667
0 3141.13853333333
220 10.5407333333333
0 1243.80653333333
246.941650628062 47.4333
0 1217.4547
261.625565300599 94.8666
0 3067.3534
246.941650628062 105.407333333333
0 521.7663
220 57.9740333333333
0 585.0107
195.997717990875 79.0555
0 558.658866666667
246.941650628062 36.8925666666667
0 3789.39363333333
220 5.27036666666667
0 600.8218
246.941650628062 15.8111
0 632.444
261.625565300599 15.8111
0 2513.9649
220 1238.53616666667
0 15.8111
246.941650628062 1238.53616666667
0 1280.6991
164.813778456435 2503.42416666667
0 10.5407333333333
164.813778456435 5.27036666666667
0 2492.88343333333
146.832383958704 10.5407333333333
0 5054.28163333333
164.813778456435 5.27036666666667
0 2529.776
130.812782650299 632.444
0 0
123.470825314031 632.444
0 0
110 632.444
0 0
130.812782650299 632.444
0 0
246.941650628062 5375.774
0 0
261.625565300599 2529.776
0 0
220 2529.776
0 2535.04636666667
164.813778456435 2503.42416666667
0 10.5407333333333
164.813778456435 5.27036666666667
0 2492.88343333333
146.832383958704 10.5407333333333
0 5054.28163333333
164.813778456435 5.27036666666667
0 2529.776
164.813778456435 52.7036666666667
0 1212.18433333333
146.832383958704 57.9740333333333
0 1206.91396666667
220 42.1629333333333
0 1222.72506666667
246.941650628062 63.2444
0 1834.0876
123.470825314031 42.1629333333333
0 252.9776
184.997211355817 52.7036666666667
0 263.518333333333
195.997717990875 15.8111
0 932.8549
184.997211355817 47.4333
0 574.469966666667
164.813778456435 595.551433333333
0 36.8925666666667
164.813778456435 1233.2658
0 31.6222
220 63.2444
0 1201.6436
146.832383958704 42.1629333333333
0 1222.72506666667
246.941650628062 68.5147666666667
0 2308.4206
184.997211355817 42.1629333333333
0 590.281066666667
195.997717990875 21.0814666666667
0 611.362533333333
246.941650628062 31.6222
0 574.469966666667
195.997717990875 63.2444
0 2466.5316
184.997211355817 15.8111
0 2513.9649
164.813778456435 57.9740333333333
0 574.469966666667
184.997211355817 26.3518333333333
0 606.092166666667
195.997717990875 63.2444
0 542.847766666667
246.941650628062 611.362533333333
0 21.0814666666667
195.997717990875 21.0814666666667
0 2508.69453333333
184.997211355817 15.8111
0 2550.85746666667
493.883301256124 917.0438
0 0
440 115.948066666667
0 0
493.883301256124 110.6777
0 0
587.329535834815 31.6222
0 0
523.251130601197 68.5147666666667
0 0
493.883301256124 47.4333
0 0
440 10.5407333333333
0 0
493.883301256124 100.136966666667
0 0
493.883301256124 216.085033333333
0 0
369.994422711634 94.8666
0 0
391.995435981749 258.247966666667
0 0
329.62755691287 332.0331
0 0
493.883301256124 42.1629333333333
0 0
220 68.5147666666667
0 0
493.883301256124 247.707233333333
0 0
493.883301256124 300.4109
0 0
440 89.5962333333333
0 0
493.883301256124 115.948066666667
0 0
587.329535834815 21.0814666666667
0 0
523.251130601197 52.7036666666667
0 0
493.883301256124 73.7851333333333
0 0
440 31.6222
0 0
493.883301256124 68.5147666666667
0 0
493.883301256124 237.1665
0 0
369.994422711634 105.407333333333
0 0
391.995435981749 310.951633333333
0 0
329.62755691287 268.7887
0 0
329.62755691287 337.303466666667
0 0
261.625565300599 126.4888
0 0
293.664767917408 221.3554
0 0
329.62755691287 342.573833333333
0 0
493.883301256124 690.418033333333
0 0
440 94.8666
0 0
493.883301256124 100.136966666667
0 0
523.251130601197 73.7851333333333
0 0
523.251130601197 47.4333
0 0
493.883301256124 47.4333
0 0
440 10.5407333333333
0 0
493.883301256124 73.7851333333333
0 0
493.883301256124 163.381366666667
0 0
184.997211355817 84.3258666666667
0 0
195.997717990875 221.3554
0 0
164.813778456435 274.059066666667
0 0
440 110.6777
0 0
493.883301256124 79.0555
0 0
493.883301256124 200.273933333333
0 0
493.883301256124 205.5443
0 0
440 105.407333333333
0 0
493.883301256124 100.136966666667
0 0
523.251130601197 63.2444
0 0
523.251130601197 52.7036666666667
0 0
493.883301256124 36.8925666666667
0 0
440 26.3518333333333
0 0
493.883301256124 31.6222
0 0
440 147.570266666667
0 0
184.997211355817 89.5962333333333
0 0
195.997717990875 216.085033333333
0 0
440 73.7851333333333
0 0
440 84.3258666666667
0 0
440 73.7851333333333
0 0
440 100.136966666667
0 0
493.883301256124 73.7851333333333
0 0
246.941650628062 100.136966666667
0 0
523.251130601197 89.5962333333333
0 0
523.251130601197 79.0555
0 0
523.251130601197 68.5147666666667
0 0
523.251130601197 79.0555
0 0
523.251130601197 73.7851333333333
0 0
523.251130601197 73.7851333333333
0 0
164.813778456435 2503.42416666667
0 10.5407333333333
164.813778456435 5.27036666666667
0 2492.88343333333
146.832383958704 10.5407333333333
0 5054.28163333333
164.813778456435 5.27036666666667
0 2529.776
164.813778456435 1233.2658
0 31.6222
220 63.2444
0 1201.6436
146.832383958704 42.1629333333333
0 1222.72506666667
246.941650628062 68.5147666666667
0 2308.4206
184.997211355817 42.1629333333333
0 590.281066666667
195.997717990875 21.0814666666667
0 611.362533333333
246.941650628062 31.6222
0 574.469966666667
164.813778456435 1233.2658
0 31.6222
220 63.2444
0 1201.6436
146.832383958704 42.1629333333333
0 1222.72506666667
246.941650628062 68.5147666666667
0 2308.4206
184.997211355817 2503.42416666667
0 26.3518333333333
246.941650628062 31.6222
0 1233.2658
195.997717990875 36.8925666666667
0 1227.99543333333
130.812782650299 94.8666
0 1170.0214
164.813778456435 2477.07233333333
0 36.8925666666667
220 42.1629333333333
0 1059.3437
233.081880759045 52.7036666666667
0 79.0555
246.941650628062 36.8925666666667
0 1191.10286666667
146.832383958704 226.625766666667
0 1022.45113333333
164.813778456435 5059.552
