0 17692.6209
493.883301256124 100.136966666667
0 532.307033333333
440 73.7851333333333
0 4785.49293333333
493.883301256124 47.4333
0 606.092166666667
440 84.3258666666667
0 4680.0856
493.883301256124 2545.5871
0 5.27036666666667
739.988845423269 2487.61306666667
0 5.27036666666667
440 89.5962333333333
0 4332.2414
329.62755691287 15.8111
0 5.27036666666667
659.25511382574 2519.23526666667
0 31.6222
440 17692.6209
0 1233.2658
440 31.6222
0 1227.99543333333
391.995435981749 31.6222
0 1238.53616666667
369.994422711634 42.1629333333333
0 1222.72506666667
440 26.3518333333333
0 1238.53616666667
369.994422711634 26.3518333333333
0 1238.53616666667
440 36.8925666666667
0 1227.99543333333
391.995435981749 21.0814666666667
0 2503.42416666667
440 21.0814666666667
0 1249.0769
391.995435981749 26.3518333333333
0 1249.0769
369.994422711634 36.8925666666667
0 1217.4547
440 5.27036666666667
0 1264.888
369.994422711634 42.1629333333333
0 2492.88343333333
329.62755691287 5059.552
0 0
329.62755691287 1264.888
0 0
369.994422711634 1264.888
0 0
493.883301256124 1264.888
0 0
369.994422711634 0
0 2524.50563333333
440 31.6222
0 1227.99543333333
391.995435981749 31.6222
0 1238.53616666667
369.994422711634 42.1629333333333
0 1222.72506666667
440 26.3518333333333
0 1238.53616666667
369.994422711634 26.3518333333333
0 1238.53616666667
440 36.8925666666667
0 1227.99543333333
391.995435981749 21.0814666666667
0 2503.42416666667
440 21.0814666666667
0 1249.0769
391.995435981749 26.3518333333333
0 1249.0769
369.994422711634 36.8925666666667
0 1217.4547
440 5.27036666666667
0 1264.888
369.994422711634 42.1629333333333
0 2492.88343333333
659.25511382574 1238.53616666667
0 26.3518333333333
587.329535834815 2466.5316
0 5.27036666666667
493.883301256124 2508.69453333333
0 5.27036666666667
523.251130601197 1059.3437
0 205.5443
659.25511382574 263.518333333333
0 52.7036666666667
329.62755691287 1175.29176666667
0 52.7036666666667
523.251130601197 1196.37323333333
0 10.5407333333333
369.994422711634 1201.6436
0 0
587.329535834815 1238.53616666667
0 10.5407333333333
329.62755691287 10.5407333333333
0 5.27036666666667
369.994422711634 31.6222
0 521.7663
391.995435981749 632.444
0 0
493.883301256124 600.8218
0 31.6222
523.251130601197 1264.888
0 0
440 42.1629333333333
0 590.281066666667
493.883301256124 68.5147666666667
0 563.929233333333
493.883301256124 26.3518333333333
0 606.092166666667
391.995435981749 42.1629333333333
0 590.281066666667
369.994422711634 57.9740333333333
0 1201.6436
493.883301256124 137.029533333333
0 495.414466666667
329.62755691287 57.9740333333333
0 574.469966666667
369.994422711634 10.5407333333333
0 621.903266666667
391.995435981749 10.5407333333333
0 621.903266666667
493.883301256124 105.407333333333
0 527.036666666667
523.251130601197 31.6222
0 1227.99543333333
440 131.759166666667
0 500.684833333333
440 15.8111
0 616.6329
493.883301256124 79.0555
0 1185.8325
369.994422711634 2529.776
0 0
369.994422711634 2529.776
0 0
1479.97769084654 52.7036666666667
0 0
1567.981743927 10.5407333333333
0 0
1479.97769084654 2519.23526666667
0 0
1760 1259.61763333333
0 0
1975.5332050245 295.140533333333
0 0
391.995435981749 5.27036666666667
0 0
440 31.6222
0 1227.99543333333
391.995435981749 31.6222
0 1238.53616666667
369.994422711634 42.1629333333333
0 1222.72506666667
440 26.3518333333333
0 1238.53616666667
369.994422711634 26.3518333333333
0 1238.53616666667
440 36.8925666666667
0 1227.99543333333
391.995435981749 21.0814666666667
0 2503.42416666667
440 21.0814666666667
0 1249.0769
391.995435981749 26.3518333333333
0 1249.0769
369.994422711634 36.8925666666667
0 1217.4547
440 5.27036666666667
0 1264.888
369.994422711634 42.1629333333333
0 2492.88343333333
329.62755691287 1175.29176666667
0 52.7036666666667
523.251130601197 1196.37323333333
0 10.5407333333333
369.994422711634 1201.6436
0 0
587.329535834815 1238.53616666667
0 10.5407333333333
329.62755691287 10.5407333333333
0 5.27036666666667
369.994422711634 31.6222
0 521.7663
391.995435981749 632.444
0 0
493.883301256124 600.8218
0 31.6222
440 1148.93993333333
0 115.948066666667
391.995435981749 26.3518333333333
0 1133.12883333333
391.995435981749 15.8111
0 1249.0769
369.994422711634 36.8925666666667
0 1227.99543333333
391.995435981749 42.1629333333333
0 68.5147666666667
659.25511382574 7478.6503
0 2529.776
391.995435981749 5059.552
0 0
329.62755691287 4959.41503333333
0 52.7036666666667
391.995435981749 5059.552
0 0
329.62755691287 0
