0 48060.4736333333
523.251130601197 100.136966666667
0 537.5774
659.25511382574 89.5962333333333
0 1164.75103333333
493.883301256124 100.136966666667
0 537.5774
391.995435981749 57.9740333333333
0 579.740333333333
493.883301256124 110.6777
0 1765.57283333333
523.251130601197 31.6222
0 611.362533333333
659.25511382574 100.136966666667
0 1170.0214
493.883301256124 94.8666
0 532.307033333333
391.995435981749 15.8111
0 632.444
493.883301256124 147.570266666667
0 1728.68026666667
523.251130601197 10.5407333333333
0 621.903266666667
659.25511382574 73.7851333333333
0 1196.37323333333
493.883301256124 89.5962333333333
0 548.118133333333
391.995435981749 52.7036666666667
0 579.740333333333
493.883301256124 89.5962333333333
0 1791.92466666667
523.251130601197 42.1629333333333
0 600.8218
659.25511382574 121.218433333333
0 1143.66956666667
493.883301256124 100.136966666667
0 532.307033333333
391.995435981749 47.4333
0 679.8773
493.883301256124 2513.9649
0 5.27036666666667
493.883301256124 10.5407333333333
0 1238.53616666667
440 21.0814666666667
0 1259.61763333333
523.251130601197 21.0814666666667
0 1243.80653333333
440 10.5407333333333
0 1254.34726666667
523.251130601197 1264.888
0 0
523.251130601197 15.8111
0 1243.80653333333
493.883301256124 10.5407333333333
0 26.3518333333333
783.990871963498 1233.2658
0 5.27036666666667
440 21.0814666666667
0 1233.2658
369.994422711634 5.27036666666667
0 0
440 5.27036666666667
0 1254.34726666667
493.883301256124 15.8111
0 142.2999
440 1101.50663333333
0 10.5407333333333
493.883301256124 1581.11
0 0
523.251130601197 1264.888
0 0
659.25511382574 948.666
0 0
493.883301256124 1264.888
0 0
493.883301256124 1581.11
0 0
523.251130601197 1264.888
0 0
659.25511382574 948.666
0 0
493.883301256124 1264.888
0 0
659.25511382574 57.9740333333333
0 0
739.988845423269 10.5407333333333
0 89.5962333333333
739.988845423269 68.5147666666667
0 10.5407333333333
987.766602512248 5.27036666666667
0 231.896133333333
659.25511382574 42.1629333333333
0 5.27036666666667
659.25511382574 10.5407333333333
0 100.136966666667
739.988845423269 68.5147666666667
0 5.27036666666667
659.25511382574 10.5407333333333
0 231.896133333333
659.25511382574 63.2444
0 10.5407333333333
739.988845423269 0
0 84.3258666666667
659.25511382574 57.9740333333333
0 5.27036666666667
659.25511382574 0
0 252.9776
739.988845423269 57.9740333333333
0 5.27036666666667
739.988845423269 5.27036666666667
0 89.5962333333333
659.25511382574 52.7036666666667
0 5.27036666666667
739.988845423269 84.3258666666667
0 21.0814666666667
659.25511382574 5.27036666666667
0 527.036666666667
493.883301256124 2513.9649
0 5.27036666666667
493.883301256124 10.5407333333333
0 1238.53616666667
440 21.0814666666667
0 1259.61763333333
523.251130601197 21.0814666666667
0 1243.80653333333
440 10.5407333333333
0 1254.34726666667
523.251130601197 1264.888
0 0
523.251130601197 15.8111
0 1243.80653333333
493.883301256124 10.5407333333333
0 26.3518333333333
783.990871963498 1233.2658
0 5.27036666666667
440 21.0814666666667
0 1233.2658
369.994422711634 5.27036666666667
0 0
440 5.27036666666667
0 1254.34726666667
493.883301256124 15.8111
0 142.2999
440 1101.50663333333
0 10.5407333333333
493.883301256124 2513.9649
0 5.27036666666667
493.883301256124 10.5407333333333
0 1238.53616666667
440 21.0814666666667
0 1259.61763333333
523.251130601197 21.0814666666667
0 1243.80653333333
440 10.5407333333333
0 1254.34726666667
523.251130601197 1264.888
0 0
523.251130601197 15.8111
0 1243.80653333333
493.883301256124 10.5407333333333
0 26.3518333333333
783.990871963498 1233.2658
0 5.27036666666667
440 21.0814666666667
0 1233.2658
369.994422711634 5.27036666666667
0 0
440 5.27036666666667
0 1254.34726666667
493.883301256124 15.8111
0 142.2999
440 1101.50663333333
0 10.5407333333333
391.995435981749 0
