0 45219.746
61.7354126570155 2788.02396666667
0 0
41.2034446141087 0
0 57.9740333333333
82.4068892282175 152.840633333333
0 0
123.470825314031 0
0 5.27036666666667
82.4068892282175 200.273933333333
0 0
123.470825314031 0
0 115.948066666667
82.4068892282175 152.840633333333
0 0
123.470825314031 0
0 5.27036666666667
82.4068892282175 200.273933333333
0 0
123.470825314031 0
0 115.948066666667
82.4068892282175 152.840633333333
0 0
123.470825314031 0
0 5.27036666666667
82.4068892282175 200.273933333333
0 0
123.470825314031 0
0 115.948066666667
82.4068892282175 152.840633333333
0 0
123.470825314031 0
0 5.27036666666667
82.4068892282175 200.273933333333
0 0
123.470825314031 0
0 906.503066666667
82.4068892282175 152.840633333333
0 0
123.470825314031 0
0 5.27036666666667
82.4068892282175 200.273933333333
0 0
123.470825314031 0
0 115.948066666667
82.4068892282175 469.062633333333
0 0
110 0
0 5.27036666666667
82.4068892282175 152.840633333333
0 0
110 0
0 5.27036666666667
82.4068892282175 152.840633333333
0 0
123.470825314031 0
0 5.27036666666667
82.4068892282175 152.840633333333
0 0
123.470825314031 0
0 5.27036666666667
82.4068892282175 200.273933333333
0 115.948066666667
82.4068892282175 152.840633333333
0 5.27036666666667
82.4068892282175 152.840633333333
0 0
82.4068892282175 42.1629333333333
0 268.7887
82.4068892282175 0
0 5.27036666666667
82.4068892282175 152.840633333333
0 0
130.812782650299 0
0 5.27036666666667
82.4068892282175 200.273933333333
0 0
130.812782650299 0
0 115.948066666667
82.4068892282175 152.840633333333
0 0
130.812782650299 0
0 5.27036666666667
82.4068892282175 200.273933333333
0 0
110 0
0 115.948066666667
82.4068892282175 152.840633333333
0 0
110 0
0 5.27036666666667
82.4068892282175 200.273933333333
0 0
123.470825314031 0
0 115.948066666667
82.4068892282175 152.840633333333
0 0
123.470825314031 0
0 5.27036666666667
82.4068892282175 200.273933333333
0 0
130.812782650299 0
0 906.503066666667
82.4068892282175 152.840633333333
0 0
130.812782650299 0
0 5.27036666666667
82.4068892282175 200.273933333333
0 0
130.812782650299 0
0 115.948066666667
82.4068892282175 469.062633333333
0 0
130.812782650299 0
0 5.27036666666667
82.4068892282175 152.840633333333
0 0
110 0
0 5.27036666666667
82.4068892282175 200.273933333333
0 0
110 0
0 115.948066666667
82.4068892282175 627.173633333333
0 0
97.9988589954373 0
0 5.27036666666667
82.4068892282175 310.951633333333
0 0
110 0
0 5.27036666666667
82.4068892282175 152.840633333333
0 0
123.470825314031 0
0 5.27036666666667
82.4068892282175 200.273933333333
0 0
123.470825314031 0
0 115.948066666667
82.4068892282175 152.840633333333
0 0
123.470825314031 0
0 5.27036666666667
82.4068892282175 200.273933333333
0 0
123.470825314031 0
0 115.948066666667
82.4068892282175 152.840633333333
0 0
123.470825314031 0
0 5.27036666666667
82.4068892282175 200.273933333333
0 0
123.470825314031 0
0 115.948066666667
82.4068892282175 152.840633333333
0 0
123.470825314031 0
0 5.27036666666667
82.4068892282175 200.273933333333
0 0
123.470825314031 0
0 906.503066666667
82.4068892282175 152.840633333333
0 0
123.470825314031 0
0 5.27036666666667
82.4068892282175 200.273933333333
0 0
123.470825314031 0
0 115.948066666667
82.4068892282175 469.062633333333
0 0
110 0
0 5.27036666666667
82.4068892282175 152.840633333333
0 0
110 0
0 5.27036666666667
82.4068892282175 152.840633333333
0 0
123.470825314031 0
0 5.27036666666667
82.4068892282175 152.840633333333
0 0
123.470825314031 0
0 5.27036666666667
82.4068892282175 200.273933333333
0 115.948066666667
82.4068892282175 152.840633333333
0 5.27036666666667
82.4068892282175 152.840633333333
0 0
82.4068892282175 42.1629333333333
0 268.7887
82.4068892282175 0
0 5.27036666666667
82.4068892282175 152.840633333333
0 0
130.812782650299 0
0 5.27036666666667
82.4068892282175 200.273933333333
0 0
130.812782650299 0
0 115.948066666667
82.4068892282175 152.840633333333
0 0
130.812782650299 0
0 5.27036666666667
82.4068892282175 200.273933333333
0 0
110 0
0 115.948066666667
82.4068892282175 152.840633333333
0 0
110 0
0 5.27036666666667
82.4068892282175 200.273933333333
0 0
123.470825314031 0
0 115.948066666667
82.4068892282175 152.840633333333
0 0
123.470825314031 0
0 5.27036666666667
82.4068892282175 200.273933333333
0 0
130.812782650299 0
0 906.503066666667
82.4068892282175 152.840633333333
0 0
130.812782650299 0
0 5.27036666666667
82.4068892282175 200.273933333333
0 0
130.812782650299 0
0 115.948066666667
82.4068892282175 469.062633333333
0 0
130.812782650299 0
0 5.27036666666667
82.4068892282175 152.840633333333
0 0
110 0
0 5.27036666666667
82.4068892282175 200.273933333333
0 0
110 0
0 115.948066666667
82.4068892282175 627.173633333333
0 0
97.9988589954373 0
0 5.27036666666667
164.813778456435 316.222
0 0
110 0
0 1264.888
82.4068892282175 310.951633333333
0 5.27036666666667
123.470825314031 316.222
0 316.222
82.4068892282175 316.222
0 316.222
123.470825314031 632.444
0 0
164.813778456435 0
0 0
97.9988589954373 310.951633333333
0 5.27036666666667
146.832383958704 316.222
0 0
97.9988589954373 632.444
0 0
146.832383958704 316.222
0 316.222
146.832383958704 0
0 0
73.4161919793519 310.951633333333
0 5.27036666666667
110 316.222
0 0
73.4161919793519 632.444
0 0
73.4161919793519 316.222
0 0
110 632.444
0 0
82.4068892282175 310.951633333333
0 5.27036666666667
123.470825314031 316.222
0 316.222
82.4068892282175 310.951633333333
0 5.27036666666667
82.4068892282175 316.222
0 0
123.470825314031 316.222
0 316.222
82.4068892282175 310.951633333333
0 5.27036666666667
123.470825314031 0
0 0
123.470825314031 316.222
0 0
82.4068892282175 310.951633333333
0 321.492366666667
123.470825314031 0
0 0
123.470825314031 316.222
0 316.222
123.470825314031 0
0 0
97.9988589954373 310.951633333333
0 5.27036666666667
146.832383958704 316.222
0 0
97.9988589954373 310.951633333333
0 321.492366666667
146.832383958704 0
0 0
146.832383958704 316.222
0 316.222
146.832383958704 0
0 0
73.4161919793519 310.951633333333
0 5.27036666666667
110 316.222
0 0
73.4161919793519 632.444
0 0
110 0
0 0
110 316.222
0 316.222
110 0
0 0
82.4068892282175 310.951633333333
0 5.27036666666667
123.470825314031 316.222
0 0
82.4068892282175 632.444
0 0
123.470825314031 0
0 0
123.470825314031 632.444
0 0
164.813778456435 0
0 0
164.813778456435 152.840633333333
0 0
82.4068892282175 0
0 5.27036666666667
123.470825314031 200.273933333333
0 0
164.813778456435 0
0 115.948066666667
82.4068892282175 152.840633333333
0 0
164.813778456435 0
0 5.27036666666667
164.813778456435 200.273933333333
0 0
123.470825314031 0
0 115.948066666667
82.4068892282175 152.840633333333
0 0
164.813778456435 0
0 5.27036666666667
123.470825314031 200.273933333333
0 0
164.813778456435 0
0 115.948066666667
82.4068892282175 152.840633333333
0 0
164.813778456435 0
0 5.27036666666667
82.4068892282175 200.273933333333
0 0
164.813778456435 0
0 115.948066666667
82.4068892282175 152.840633333333
0 5.27036666666667
82.4068892282175 152.840633333333
0 5.27036666666667
130.812782650299 200.273933333333
0 0
164.813778456435 0
0 115.948066666667
82.4068892282175 152.840633333333
0 0
123.470825314031 0
0 5.27036666666667
82.4068892282175 200.273933333333
0 0
123.470825314031 0
0 115.948066666667
82.4068892282175 152.840633333333
0 0
123.470825314031 0
0 5.27036666666667
82.4068892282175 200.273933333333
0 0
123.470825314031 0
0 115.948066666667
82.4068892282175 152.840633333333
0 0
123.470825314031 0
0 5.27036666666667
82.4068892282175 200.273933333333
0 0
123.470825314031 0
0 115.948066666667
82.4068892282175 152.840633333333
0 0
123.470825314031 0
0 5.27036666666667
82.4068892282175 200.273933333333
0 0
123.470825314031 0
0 115.948066666667
123.470825314031 316.222
0 0
82.4068892282175 152.840633333333
0 5.27036666666667
82.4068892282175 200.273933333333
0 115.948066666667
82.4068892282175 152.840633333333
0 0
123.470825314031 0
0 5.27036666666667
82.4068892282175 200.273933333333
0 0
123.470825314031 0
0 115.948066666667
82.4068892282175 469.062633333333
0 0
110 0
0 5.27036666666667
82.4068892282175 152.840633333333
0 0
110 0
0 5.27036666666667
82.4068892282175 152.840633333333
0 0
123.470825314031 0
0 5.27036666666667
82.4068892282175 152.840633333333
0 0
123.470825314031 0
0 5.27036666666667
82.4068892282175 200.273933333333
0 115.948066666667
82.4068892282175 152.840633333333
0 5.27036666666667
82.4068892282175 152.840633333333
0 0
82.4068892282175 42.1629333333333
0 268.7887
82.4068892282175 0
0 5.27036666666667
82.4068892282175 152.840633333333
0 0
130.812782650299 0
0 5.27036666666667
82.4068892282175 200.273933333333
0 0
130.812782650299 0
0 115.948066666667
82.4068892282175 152.840633333333
0 0
130.812782650299 0
0 5.27036666666667
82.4068892282175 200.273933333333
0 0
110 0
0 115.948066666667
82.4068892282175 152.840633333333
0 0
110 0
0 5.27036666666667
82.4068892282175 200.273933333333
0 0
123.470825314031 0
0 115.948066666667
82.4068892282175 152.840633333333
0 0
123.470825314031 0
0 5.27036666666667
82.4068892282175 200.273933333333
0 0
130.812782650299 0
0 115.948066666667
130.812782650299 316.222
0 0
82.4068892282175 152.840633333333
0 5.27036666666667
82.4068892282175 200.273933333333
0 115.948066666667
82.4068892282175 152.840633333333
0 0
130.812782650299 0
0 5.27036666666667
82.4068892282175 200.273933333333
0 0
130.812782650299 0
0 115.948066666667
82.4068892282175 469.062633333333
0 0
130.812782650299 0
0 5.27036666666667
82.4068892282175 152.840633333333
0 0
110 0
0 5.27036666666667
82.4068892282175 200.273933333333
0 0
110 0
0 115.948066666667
82.4068892282175 627.173633333333
0 0
97.9988589954373 0
0 5.27036666666667
82.4068892282175 310.951633333333
0 0
110 0
0 5.27036666666667
82.4068892282175 152.840633333333
0 0
123.470825314031 0
0 5.27036666666667
82.4068892282175 200.273933333333
0 0
123.470825314031 0
0 115.948066666667
82.4068892282175 152.840633333333
0 0
123.470825314031 0
0 5.27036666666667
82.4068892282175 200.273933333333
0 0
123.470825314031 0
0 115.948066666667
82.4068892282175 152.840633333333
0 0
123.470825314031 0
0 5.27036666666667
82.4068892282175 200.273933333333
0 0
123.470825314031 0
0 115.948066666667
82.4068892282175 152.840633333333
0 0
123.470825314031 0
0 5.27036666666667
82.4068892282175 200.273933333333
0 0
123.470825314031 0
0 115.948066666667
123.470825314031 316.222
0 0
82.4068892282175 152.840633333333
0 5.27036666666667
82.4068892282175 200.273933333333
0 115.948066666667
82.4068892282175 152.840633333333
0 0
123.470825314031 0
0 5.27036666666667
82.4068892282175 200.273933333333
0 0
123.470825314031 0
0 115.948066666667
82.4068892282175 469.062633333333
0 0
110 0
0 5.27036666666667
82.4068892282175 152.840633333333
0 0
110 0
0 5.27036666666667
82.4068892282175 152.840633333333
0 0
123.470825314031 0
0 5.27036666666667
82.4068892282175 152.840633333333
0 0
123.470825314031 0
0 5.27036666666667
82.4068892282175 200.273933333333
0 115.948066666667
82.4068892282175 152.840633333333
0 5.27036666666667
82.4068892282175 152.840633333333
0 0
82.4068892282175 42.1629333333333
0 268.7887
82.4068892282175 0
0 5.27036666666667
82.4068892282175 152.840633333333
0 0
130.812782650299 0
0 5.27036666666667
82.4068892282175 200.273933333333
0 0
130.812782650299 0
0 115.948066666667
82.4068892282175 152.840633333333
0 0
130.812782650299 0
0 5.27036666666667
82.4068892282175 200.273933333333
0 0
110 0
0 115.948066666667
82.4068892282175 152.840633333333
0 0
110 0
0 5.27036666666667
82.4068892282175 200.273933333333
0 0
123.470825314031 0
0 115.948066666667
82.4068892282175 152.840633333333
0 0
123.470825314031 0
0 5.27036666666667
82.4068892282175 200.273933333333
0 0
130.812782650299 0
0 115.948066666667
130.812782650299 316.222
0 0
82.4068892282175 152.840633333333
0 5.27036666666667
82.4068892282175 200.273933333333
0 115.948066666667
82.4068892282175 152.840633333333
0 0
130.812782650299 0
0 5.27036666666667
82.4068892282175 200.273933333333
0 0
130.812782650299 0
0 115.948066666667
82.4068892282175 469.062633333333
0 0
130.812782650299 0
0 5.27036666666667
82.4068892282175 152.840633333333
0 0
110 0
0 5.27036666666667
82.4068892282175 200.273933333333
0 0
110 0
0 115.948066666667
82.4068892282175 627.173633333333
0 0
97.9988589954373 0
0 5.27036666666667
164.813778456435 316.222
0 0
110 0
0 2529.776
82.4068892282175 310.951633333333
0 5.27036666666667
123.470825314031 316.222
0 316.222
82.4068892282175 316.222
0 316.222
123.470825314031 632.444
0 0
164.813778456435 0
0 0
97.9988589954373 310.951633333333
0 5.27036666666667
146.832383958704 316.222
0 0
97.9988589954373 632.444
0 0
146.832383958704 316.222
0 316.222
146.832383958704 0
0 0
73.4161919793519 310.951633333333
0 5.27036666666667
110 316.222
0 0
73.4161919793519 632.444
0 0
73.4161919793519 316.222
0 0
110 632.444
0 0
82.4068892282175 310.951633333333
0 5.27036666666667
123.470825314031 316.222
0 316.222
82.4068892282175 310.951633333333
0 5.27036666666667
82.4068892282175 316.222
0 0
123.470825314031 316.222
0 316.222
82.4068892282175 310.951633333333
0 5.27036666666667
123.470825314031 0
0 0
123.470825314031 316.222
0 0
82.4068892282175 310.951633333333
0 321.492366666667
123.470825314031 0
0 0
123.470825314031 316.222
0 316.222
123.470825314031 0
0 0
97.9988589954373 310.951633333333
0 5.27036666666667
146.832383958704 316.222
0 0
97.9988589954373 310.951633333333
0 321.492366666667
146.832383958704 0
0 0
146.832383958704 316.222
0 316.222
146.832383958704 0
0 0
73.4161919793519 310.951633333333
0 5.27036666666667
110 316.222
0 0
73.4161919793519 632.444
0 0
110 0
0 0
110 316.222
0 316.222
110 0
0 0
82.4068892282175 310.951633333333
0 5.27036666666667
123.470825314031 316.222
0 0
82.4068892282175 632.444
0 0
123.470825314031 0
0 0
123.470825314031 632.444
0 0
164.813778456435 0
0 0
195.997717990875 1249.0769
0 5.27036666666667
97.9988589954373 10.5407333333333
0 0
65.4063913251497 173.9221
0 458.5219
65.4063913251497 73.7851333333333
0 84.3258666666667
65.4063913251497 105.407333333333
0 52.7036666666667
195.997717990875 237.1665
0 21.0814666666667
195.997717990875 5.27036666666667
0 52.7036666666667
146.832383958704 1196.37323333333
0 0
110 0
0 68.5147666666667
73.4161919793519 284.5998
0 347.8442
73.4161919793519 73.7851333333333
0 84.3258666666667
73.4161919793519 94.8666
0 221.3554
110 158.111
0 0
82.4068892282175 15.8111
0 57.9740333333333
164.813778456435 5.27036666666667
0 0
164.813778456435 142.2999
0 10.5407333333333
164.813778456435 0
0 163.381366666667
82.4068892282175 79.0555
0 0
164.813778456435 15.8111
0 63.2444
82.4068892282175 121.218433333333
0 26.3518333333333
164.813778456435 5.27036666666667
0 163.381366666667
82.4068892282175 79.0555
0 0
164.813778456435 5.27036666666667
0 73.7851333333333
82.4068892282175 142.2999
0 21.0814666666667
164.813778456435 10.5407333333333
0 142.2999
82.4068892282175 73.7851333333333
0 0
164.813778456435 15.8111
0 68.5147666666667
82.4068892282175 131.759166666667
0 26.3518333333333
164.813778456435 5.27036666666667
0 152.840633333333
82.4068892282175 163.381366666667
0 15.8111
164.813778456435 5.27036666666667
0 131.759166666667
82.4068892282175 73.7851333333333
0 84.3258666666667
82.4068892282175 57.9740333333333
0 258.247966666667
164.813778456435 57.9740333333333
0 10.5407333333333
130.812782650299 5.27036666666667
0 84.3258666666667
130.812782650299 131.759166666667
0 21.0814666666667
82.4068892282175 10.5407333333333
0 152.840633333333
82.4068892282175 73.7851333333333
0 5.27036666666667
82.4068892282175 10.5407333333333
0 68.5147666666667
82.4068892282175 158.111
0 10.5407333333333
130.812782650299 15.8111
0 131.759166666667
82.4068892282175 68.5147666666667
0 5.27036666666667
82.4068892282175 0
0 84.3258666666667
164.813778456435 89.5962333333333
0 10.5407333333333
82.4068892282175 26.3518333333333
0 189.7332
82.4068892282175 79.0555
0 5.27036666666667
130.812782650299 5.27036666666667
0 68.5147666666667
82.4068892282175 73.7851333333333
0 5.27036666666667
130.812782650299 26.3518333333333
0 52.7036666666667
82.4068892282175 68.5147666666667
0 15.8111
82.4068892282175 73.7851333333333
0 15.8111
82.4068892282175 300.4109
0 15.8111
164.813778456435 0
0 0
195.997717990875 1249.0769
0 5.27036666666667
97.9988589954373 10.5407333333333
0 0
65.4063913251497 274.059066666667
0 358.384933333333
65.4063913251497 73.7851333333333
0 84.3258666666667
65.4063913251497 105.407333333333
0 52.7036666666667
195.997717990875 237.1665
0 21.0814666666667
195.997717990875 5.27036666666667
0 52.7036666666667
146.832383958704 1196.37323333333
0 0
110 0
0 68.5147666666667
73.4161919793519 284.5998
0 347.8442
73.4161919793519 73.7851333333333
0 84.3258666666667
73.4161919793519 94.8666
0 221.3554
110 158.111
0 0
82.4068892282175 15.8111
0 57.9740333333333
164.813778456435 5.27036666666667
0 0
164.813778456435 142.2999
0 10.5407333333333
164.813778456435 0
0 163.381366666667
82.4068892282175 79.0555
0 0
164.813778456435 15.8111
0 63.2444
82.4068892282175 121.218433333333
0 26.3518333333333
164.813778456435 5.27036666666667
0 163.381366666667
82.4068892282175 79.0555
0 0
164.813778456435 5.27036666666667
0 73.7851333333333
82.4068892282175 142.2999
0 21.0814666666667
164.813778456435 10.5407333333333
0 142.2999
82.4068892282175 73.7851333333333
0 0
164.813778456435 15.8111
0 68.5147666666667
82.4068892282175 131.759166666667
0 26.3518333333333
164.813778456435 5.27036666666667
0 152.840633333333
82.4068892282175 163.381366666667
0 15.8111
164.813778456435 5.27036666666667
0 131.759166666667
82.4068892282175 73.7851333333333
0 84.3258666666667
82.4068892282175 57.9740333333333
0 100.136966666667
82.4068892282175 611.362533333333
0 21.0814666666667
92.4986056779086 590.281066666667
0 42.1629333333333
123.470825314031 26.3518333333333
0 548.118133333333
110 2208.28363333333
0 5.27036666666667
82.4068892282175 152.840633333333
0 5.27036666666667
97.9988589954373 47.4333
0 2166.1207
82.4068892282175 36.8925666666667
0 100.136966666667
92.4986056779086 47.4333
0 2482.3427
82.4068892282175 15.8111
0 574.469966666667
92.4986056779086 600.8218
0 31.6222
123.470825314031 31.6222
0 590.281066666667
82.4068892282175 31.6222
0 115.948066666667
97.9988589954373 36.8925666666667
0 2166.1207
82.4068892282175 147.570266666667
0 10.5407333333333
92.4986056779086 57.9740333333333
0 2461.26123333333
82.4068892282175 147.570266666667
0 0
123.470825314031 0
0 10.5407333333333
82.4068892282175 195.003566666667
0 0
123.470825314031 0
0 121.218433333333
82.4068892282175 147.570266666667
0 0
123.470825314031 0
0 10.5407333333333
82.4068892282175 195.003566666667
0 0
123.470825314031 0
0 121.218433333333
82.4068892282175 147.570266666667
0 0
123.470825314031 0
0 10.5407333333333
82.4068892282175 195.003566666667
0 0
123.470825314031 0
0 121.218433333333
82.4068892282175 147.570266666667
0 0
123.470825314031 0
0 10.5407333333333
82.4068892282175 195.003566666667
0 0
123.470825314031 0
0 121.218433333333
123.470825314031 310.951633333333
0 0
82.4068892282175 147.570266666667
0 10.5407333333333
82.4068892282175 195.003566666667
0 121.218433333333
82.4068892282175 152.840633333333
0 0
123.470825314031 0
0 5.27036666666667
82.4068892282175 152.840633333333
0 0
123.470825314031 0
0 163.381366666667
82.4068892282175 152.840633333333
0 0
164.813778456435 0
0 5.27036666666667
164.813778456435 152.840633333333
0 0
82.4068892282175 0
0 163.381366666667
82.4068892282175 152.840633333333
0 0
164.813778456435 0
0 5.27036666666667
164.813778456435 152.840633333333
0 0
123.470825314031 0
0 163.381366666667
164.813778456435 310.951633333333
0 0
82.4068892282175 0
0 5.27036666666667
82.4068892282175 152.840633333333
0 0
123.470825314031 152.840633333333
0 5.27036666666667
146.832383958704 152.840633333333
0 5.27036666666667
164.813778456435 152.840633333333
0 5.27036666666667
82.4068892282175 147.570266666667
0 0
130.812782650299 0
0 10.5407333333333
82.4068892282175 195.003566666667
0 0
130.812782650299 0
0 121.218433333333
82.4068892282175 147.570266666667
0 0
130.812782650299 0
0 10.5407333333333
82.4068892282175 195.003566666667
0 0
110 0
0 121.218433333333
82.4068892282175 147.570266666667
0 0
110 0
0 10.5407333333333
82.4068892282175 195.003566666667
0 0
123.470825314031 0
0 121.218433333333
82.4068892282175 147.570266666667
0 0
123.470825314031 0
0 10.5407333333333
82.4068892282175 195.003566666667
0 0
130.812782650299 0
0 121.218433333333
130.812782650299 310.951633333333
0 0
82.4068892282175 147.570266666667
0 10.5407333333333
82.4068892282175 195.003566666667
0 121.218433333333
82.4068892282175 152.840633333333
0 0
130.812782650299 0
0 5.27036666666667
82.4068892282175 152.840633333333
0 0
130.812782650299 0
0 163.381366666667
82.4068892282175 152.840633333333
0 0
164.813778456435 0
0 5.27036666666667
164.813778456435 152.840633333333
0 0
82.4068892282175 0
0 163.381366666667
82.4068892282175 152.840633333333
0 0
164.813778456435 0
0 5.27036666666667
164.813778456435 152.840633333333
0 0
130.812782650299 0
0 163.381366666667
164.813778456435 310.951633333333
0 0
82.4068892282175 0
0 5.27036666666667
82.4068892282175 152.840633333333
0 0
130.812782650299 152.840633333333
0 5.27036666666667
146.832383958704 152.840633333333
0 5.27036666666667
164.813778456435 152.840633333333
0 5.27036666666667
82.4068892282175 147.570266666667
0 0
123.470825314031 0
0 10.5407333333333
82.4068892282175 195.003566666667
0 0
123.470825314031 0
0 121.218433333333
82.4068892282175 147.570266666667
0 0
123.470825314031 0
0 10.5407333333333
82.4068892282175 195.003566666667
0 0
123.470825314031 0
0 121.218433333333
82.4068892282175 147.570266666667
0 0
123.470825314031 0
0 10.5407333333333
82.4068892282175 195.003566666667
0 0
123.470825314031 0
0 121.218433333333
82.4068892282175 147.570266666667
0 0
123.470825314031 0
0 10.5407333333333
82.4068892282175 195.003566666667
0 0
123.470825314031 0
0 121.218433333333
123.470825314031 310.951633333333
0 0
82.4068892282175 147.570266666667
0 10.5407333333333
82.4068892282175 195.003566666667
0 121.218433333333
82.4068892282175 152.840633333333
0 0
123.470825314031 0
0 5.27036666666667
82.4068892282175 152.840633333333
0 0
123.470825314031 0
0 163.381366666667
82.4068892282175 152.840633333333
0 0
164.813778456435 0
0 5.27036666666667
164.813778456435 152.840633333333
0 0
82.4068892282175 0
0 163.381366666667
82.4068892282175 152.840633333333
0 0
164.813778456435 0
0 5.27036666666667
164.813778456435 152.840633333333
0 0
123.470825314031 0
0 163.381366666667
164.813778456435 310.951633333333
0 0
82.4068892282175 0
0 5.27036666666667
82.4068892282175 152.840633333333
0 0
123.470825314031 152.840633333333
0 5.27036666666667
146.832383958704 152.840633333333
0 5.27036666666667
164.813778456435 152.840633333333
0 5.27036666666667
82.4068892282175 147.570266666667
0 0
130.812782650299 0
0 10.5407333333333
82.4068892282175 195.003566666667
0 0
130.812782650299 0
0 121.218433333333
82.4068892282175 147.570266666667
0 0
130.812782650299 0
0 10.5407333333333
82.4068892282175 195.003566666667
0 0
110 0
0 121.218433333333
82.4068892282175 147.570266666667
0 0
110 0
0 10.5407333333333
82.4068892282175 195.003566666667
0 0
123.470825314031 0
0 121.218433333333
82.4068892282175 147.570266666667
0 0
123.470825314031 0
0 10.5407333333333
82.4068892282175 195.003566666667
0 0
130.812782650299 0
0 121.218433333333
130.812782650299 310.951633333333
0 0
82.4068892282175 147.570266666667
0 10.5407333333333
82.4068892282175 195.003566666667
0 121.218433333333
146.832383958704 152.840633333333
0 0
110 0
0 5.27036666666667
146.832383958704 152.840633333333
0 0
110 0
0 163.381366666667
73.4161919793519 152.840633333333
0 0
110 0
0 5.27036666666667
73.4161919793519 152.840633333333
0 0
110 0
0 163.381366666667
146.832383958704 152.840633333333
0 0
73.4161919793519 0
0 5.27036666666667
73.4161919793519 152.840633333333
0 0
146.832383958704 0
0 163.381366666667
146.832383958704 152.840633333333
0 0
73.4161919793519 0
0 5.27036666666667
73.4161919793519 152.840633333333
0 0
110 0
0 5.27036666666667
146.832383958704 152.840633333333
0 0
110 0
0 5.27036666666667
110 152.840633333333
0 0
73.4161919793519 0
0 5.27036666666667
73.4161919793519 152.840633333333
0 0
146.832383958704 0
0 5.27036666666667
146.832383958704 152.840633333333
0 0
110 0
0 5.27036666666667
82.4068892282175 310.951633333333
0 5.27036666666667
123.470825314031 316.222
0 316.222
82.4068892282175 316.222
0 316.222
123.470825314031 632.444
0 0
164.813778456435 0
0 0
97.9988589954373 310.951633333333
0 5.27036666666667
146.832383958704 316.222
0 0
97.9988589954373 632.444
0 0
146.832383958704 316.222
0 316.222
146.832383958704 0
0 0
73.4161919793519 310.951633333333
0 5.27036666666667
110 316.222
0 0
73.4161919793519 632.444
0 0
73.4161919793519 316.222
0 0
110 632.444
0 0
73.4161919793519 10.5407333333333
0 2835.45726666667
123.470825314031 316.222
0 0
82.4068892282175 310.951633333333
0 321.492366666667
123.470825314031 0
0 0
123.470825314031 316.222
0 316.222
123.470825314031 0
0 0
97.9988589954373 310.951633333333
0 5.27036666666667
146.832383958704 316.222
0 0
97.9988589954373 310.951633333333
0 321.492366666667
146.832383958704 0
0 0
146.832383958704 316.222
0 316.222
146.832383958704 0
0 0
73.4161919793519 310.951633333333
0 5.27036666666667
110 316.222
0 0
73.4161919793519 632.444
0 0
110 0
0 0
110 316.222
0 316.222
110 0
0 0
82.4068892282175 310.951633333333
0 5.27036666666667
123.470825314031 316.222
0 0
82.4068892282175 632.444
0 0
123.470825314031 0
0 0
123.470825314031 632.444
0 0
164.813778456435 0
0 0
65.4063913251497 421.629333333333
0 42.1629333333333
65.4063913251497 21.0814666666667
0 137.029533333333
130.812782650299 516.495933333333
0 63.2444
130.812782650299 36.8925666666667
0 15.8111
130.812782650299 252.9776
0 63.2444
65.4063913251497 5.27036666666667
0 42.1629333333333
130.812782650299 173.9221
0 142.2999
65.4063913251497 10.5407333333333
0 15.8111
130.812782650299 52.7036666666667
0 52.7036666666667
97.9988589954373 21.0814666666667
0 31.6222
110 447.981166666667
0 5.27036666666667
146.832383958704 374.196033333333
0 100.136966666667
73.4161919793519 100.136966666667
0 15.8111
110 100.136966666667
0 205.5443
73.4161919793519 26.3518333333333
0 131.759166666667
146.832383958704 195.003566666667
0 121.218433333333
73.4161919793519 5.27036666666667
0 15.8111
110 115.948066666667
0 36.8925666666667
110 5.27036666666667
0 0
82.4068892282175 73.7851333333333
0 5.27036666666667
82.4068892282175 0
0 79.0555
164.813778456435 142.2999
0 10.5407333333333
164.813778456435 0
0 163.381366666667
82.4068892282175 79.0555
0 0
164.813778456435 15.8111
0 63.2444
82.4068892282175 121.218433333333
0 26.3518333333333
164.813778456435 5.27036666666667
0 163.381366666667
82.4068892282175 79.0555
0 0
164.813778456435 5.27036666666667
0 73.7851333333333
82.4068892282175 142.2999
0 21.0814666666667
164.813778456435 10.5407333333333
0 142.2999
82.4068892282175 73.7851333333333
0 0
164.813778456435 15.8111
0 68.5147666666667
82.4068892282175 131.759166666667
0 26.3518333333333
164.813778456435 5.27036666666667
0 152.840633333333
82.4068892282175 163.381366666667
0 15.8111
164.813778456435 5.27036666666667
0 131.759166666667
82.4068892282175 73.7851333333333
0 84.3258666666667
82.4068892282175 57.9740333333333
0 100.136966666667
82.4068892282175 611.362533333333
0 21.0814666666667
92.4986056779086 590.281066666667
0 42.1629333333333
123.470825314031 26.3518333333333
0 548.118133333333
65.4063913251497 421.629333333333
0 42.1629333333333
65.4063913251497 21.0814666666667
0 137.029533333333
130.812782650299 516.495933333333
0 63.2444
130.812782650299 36.8925666666667
0 15.8111
130.812782650299 252.9776
0 63.2444
65.4063913251497 5.27036666666667
0 42.1629333333333
130.812782650299 173.9221
0 142.2999
65.4063913251497 10.5407333333333
0 15.8111
130.812782650299 52.7036666666667
0 52.7036666666667
97.9988589954373 21.0814666666667
0 31.6222
110 447.981166666667
0 5.27036666666667
146.832383958704 374.196033333333
0 100.136966666667
73.4161919793519 100.136966666667
0 15.8111
110 100.136966666667
0 205.5443
73.4161919793519 26.3518333333333
0 131.759166666667
146.832383958704 195.003566666667
0 121.218433333333
73.4161919793519 5.27036666666667
0 15.8111
110 115.948066666667
0 36.8925666666667
110 5.27036666666667
0 0
82.4068892282175 7647.30203333333
0 5.27036666666667
123.470825314031 5.27036666666667
