0 17692.6209
987.766602512248 100.136966666667
0 558.658866666667
987.766602512248 5012.1187
0 42.1629333333333
659.25511382574 4400.75616666667
0 10.5407333333333
987.766602512248 632.444
0 26.3518333333333
987.766602512248 4785.49293333333
0 263.518333333333
880 42.1629333333333
0 5038.47053333333
739.988845423269 63.2444
0 3668.1752
739.988845423269 94.8666
0 553.3885
783.990871963498 168.651733333333
0 4885.6299
739.988845423269 42.1629333333333
0 3763.0418
659.25511382574 110.6777
0 516.495933333333
739.988845423269 84.3258666666667
0 542.847766666667
783.990871963498 110.6777
0 5012.1187
880 10.5407333333333
0 21.0814666666667
493.883301256124 5.27036666666667
0 1259.61763333333
739.988845423269 5.27036666666667
0 36.8925666666667
523.251130601197 15.8111
0 1249.0769
440 15.8111
0 1243.80653333333
523.251130601197 15.8111
0 0
493.883301256124 10.5407333333333
0 0
783.990871963498 5.27036666666667
0 2508.69453333333
523.251130601197 26.3518333333333
0 1238.53616666667
587.329535834815 15.8111
0 1249.0769
587.329535834815 10.5407333333333
0 42.1629333333333
440 15.8111
0 2508.69453333333
493.883301256124 15.8111
0 5.27036666666667
739.988845423269 1254.34726666667
0 5.27036666666667
659.25511382574 1897.332
0 0
739.988845423269 1897.332
0 0
783.990871963498 1264.888
0 0
880 1264.888
0 0
1046.50226120239 1897.332
0 0
1318.51022765148 1897.332
0 0
659.25511382574 94.8666
0 10.5407333333333
659.25511382574 5.27036666666667
0 47.4333
739.988845423269 126.4888
0 15.8111
659.25511382574 5.27036666666667
0 168.651733333333
659.25511382574 68.5147666666667
0 15.8111
659.25511382574 15.8111
0 57.9740333333333
739.988845423269 137.029533333333
0 26.3518333333333
659.25511382574 5.27036666666667
0 147.570266666667
659.25511382574 79.0555
0 15.8111
659.25511382574 5.27036666666667
0 57.9740333333333
739.988845423269 115.948066666667
0 10.5407333333333
659.25511382574 26.3518333333333
0 163.381366666667
659.25511382574 68.5147666666667
0 21.0814666666667
659.25511382574 0
0 68.5147666666667
739.988845423269 131.759166666667
0 0
659.25511382574 26.3518333333333
0 158.111
739.988845423269 258.247966666667
0 21.0814666666667
739.988845423269 0
0 342.573833333333
880 10.5407333333333
0 21.0814666666667
493.883301256124 5.27036666666667
0 1259.61763333333
739.988845423269 5.27036666666667
0 36.8925666666667
523.251130601197 15.8111
0 1249.0769
440 15.8111
0 1243.80653333333
523.251130601197 15.8111
0 0
493.883301256124 10.5407333333333
0 0
783.990871963498 5.27036666666667
0 2508.69453333333
523.251130601197 26.3518333333333
0 1238.53616666667
587.329535834815 15.8111
0 1249.0769
587.329535834815 10.5407333333333
0 42.1629333333333
440 15.8111
0 2519.23526666667
880 10.5407333333333
0 5.27036666666667
739.988845423269 616.6329
0 0
987.766602512248 632.444
0 0
783.990871963498 15.8111
0 1249.0769
587.329535834815 31.6222
0 1233.2658
880 1217.4547
0 47.4333
659.25511382574 21.0814666666667
0 611.362533333333
739.988845423269 26.3518333333333
0 469.062633333333
493.883301256124 100.136966666667
0 1480.97303333333
440 26.3518333333333
0 5.27036666666667
523.251130601197 284.5998
0 0
659.25511382574 632.444
0 0
523.251130601197 1264.888
0 0
440 1254.34726666667
0 10.5407333333333
880 5.27036666666667
0 1175.29176666667
880 10.5407333333333
0 73.7851333333333
493.883301256124 1175.29176666667
0 68.5147666666667
659.25511382574 1264.888
0 0
329.62755691287 5.27036666666667
0 627.173633333333
369.994422711634 94.8666
0 537.5774
391.995435981749 10.5407333333333
0 621.903266666667
493.883301256124 10.5407333333333
0 606.092166666667
987.766602512248 15.8111
0 616.6329
987.766602512248 31.6222
0 600.8218
783.990871963498 10.5407333333333
0 606.092166666667
659.25511382574 632.444
0 0
783.990871963498 632.444
0 0
739.988845423269 1264.888
0 0
783.990871963498 1264.888
0 0
783.990871963498 68.5147666666667
0 563.929233333333
783.990871963498 0
0 0
1318.51022765148 10.5407333333333
0 1254.34726666667
880 68.5147666666667
0 563.929233333333
880 0
0 0
987.766602512248 1233.2658
0 31.6222
783.990871963498 1264.888
0 0
1318.51022765148 1064.61406666667
0 142.2999
987.766602512248 63.2444
0 853.7994
987.766602512248 0
0 79.0555
880 115.948066666667
0 0
987.766602512248 110.6777
0 0
1174.65907166963 31.6222
0 0
1046.50226120239 68.5147666666667
0 0
987.766602512248 47.4333
0 0
880 10.5407333333333
0 0
987.766602512248 100.136966666667
0 0
987.766602512248 216.085033333333
0 0
739.988845423269 94.8666
0 0
783.990871963498 258.247966666667
0 0
659.25511382574 332.0331
0 0
987.766602512248 42.1629333333333
0 0
440 68.5147666666667
0 0
987.766602512248 247.707233333333
0 0
987.766602512248 300.4109
0 0
880 89.5962333333333
0 0
987.766602512248 115.948066666667
0 0
1174.65907166963 21.0814666666667
0 0
1046.50226120239 52.7036666666667
0 0
987.766602512248 73.7851333333333
0 0
880 31.6222
0 0
987.766602512248 68.5147666666667
0 0
987.766602512248 237.1665
0 0
739.988845423269 105.407333333333
0 0
783.990871963498 310.951633333333
0 0
659.25511382574 268.7887
0 0
659.25511382574 337.303466666667
0 0
523.251130601197 126.4888
0 0
587.329535834815 221.3554
0 0
659.25511382574 342.573833333333
0 0
987.766602512248 690.418033333333
0 0
880 94.8666
0 0
987.766602512248 100.136966666667
0 0
1046.50226120239 73.7851333333333
0 0
1046.50226120239 47.4333
0 0
987.766602512248 47.4333
0 0
880 10.5407333333333
0 0
987.766602512248 73.7851333333333
0 0
987.766602512248 163.381366666667
0 0
369.994422711634 84.3258666666667
0 0
391.995435981749 221.3554
0 0
329.62755691287 274.059066666667
0 0
880 110.6777
0 0
987.766602512248 79.0555
0 0
987.766602512248 200.273933333333
0 0
987.766602512248 205.5443
0 0
880 105.407333333333
0 0
987.766602512248 100.136966666667
0 0
1046.50226120239 63.2444
0 0
1046.50226120239 52.7036666666667
0 0
987.766602512248 36.8925666666667
0 0
880 26.3518333333333
0 0
987.766602512248 31.6222
0 0
880 147.570266666667
0 0
369.994422711634 89.5962333333333
0 0
391.995435981749 216.085033333333
0 0
880 73.7851333333333
0 0
880 84.3258666666667
0 0
880 73.7851333333333
0 0
880 100.136966666667
0 0
987.766602512248 73.7851333333333
0 0
493.883301256124 100.136966666667
0 0
1046.50226120239 89.5962333333333
0 0
1046.50226120239 79.0555
0 0
1046.50226120239 68.5147666666667
0 0
1046.50226120239 79.0555
0 0
1046.50226120239 73.7851333333333
0 0
1046.50226120239 73.7851333333333
0 0
880 10.5407333333333
0 21.0814666666667
493.883301256124 5.27036666666667
0 1259.61763333333
739.988845423269 5.27036666666667
0 36.8925666666667
523.251130601197 15.8111
0 1249.0769
440 5.27036666666667
0 10.5407333333333
523.251130601197 15.8111
0 1249.0769
783.990871963498 5.27036666666667
0 2508.69453333333
523.251130601197 26.3518333333333
0 1238.53616666667
587.329535834815 15.8111
0 1249.0769
587.329535834815 10.5407333333333
0 42.1629333333333
440 15.8111
0 2519.23526666667
880 10.5407333333333
0 5.27036666666667
739.988845423269 616.6329
0 0
987.766602512248 632.444
0 0
391.995435981749 15.8111
0 1249.0769
523.251130601197 1264.888
0 0
440 1254.34726666667
0 10.5407333333333
880 5.27036666666667
0 1175.29176666667
880 10.5407333333333
0 73.7851333333333
493.883301256124 1175.29176666667
0 68.5147666666667
659.25511382574 1264.888
0 0
329.62755691287 5.27036666666667
0 627.173633333333
369.994422711634 94.8666
0 537.5774
391.995435981749 10.5407333333333
0 621.903266666667
493.883301256124 10.5407333333333
0 606.092166666667
783.990871963498 10.5407333333333
0 1254.34726666667
880 89.5962333333333
0 1175.29176666667
1046.50226120239 84.3258666666667
0 1175.29176666667
987.766602512248 7589.328
0 0
739.988845423269 2529.776
0 0
739.988845423269 47.4333
0 5012.1187
783.990871963498 5059.552
