0 35738.3563666667
164.813778456435 189.7332
0 5.27036666666667
164.813778456435 469.062633333333
0 5.27036666666667
164.813778456435 163.381366666667
0 0
146.832383958704 416.358966666667
0 5.27036666666667
164.813778456435 237.1665
0 0
164.813778456435 458.5219
0 5.27036666666667
164.813778456435 210.814666666667
0 5.27036666666667
164.813778456435 484.873733333333
0 0
164.813778456435 205.5443
0 0
164.813778456435 411.0886
0 5.27036666666667
164.813778456435 184.462833333333
0 15.8111
164.813778456435 479.603366666667
0 0
65.4063913251497 100.136966666667
0 0
82.4068892282175 0
0 0
92.4986056779086 0
0 0
103.826174394986 10.5407333333333
0 0
77.7817459305202 0
0 0
110 0
0 0
87.307057858251 147.570266666667
0 0
65.4063913251497 0
0 0
116.540940379522 0
0 0
82.4068892282175 10.5407333333333
0 0
87.307057858251 0
0 0
123.470825314031 0
0 0
92.4986056779086 100.136966666667
0 0
65.4063913251497 0
0 0
103.826174394986 0
0 0
82.4068892282175 10.5407333333333
0 0
69.295657744218 0
0 0
97.9988589954373 0
0 0
65.4063913251497 168.651733333333
0 0
73.4161919793519 0
0 0
103.826174394986 0
0 0
92.4986056779086 5.27036666666667
0 0
97.9988589954373 0
0 0
123.470825314031 0
0 0
97.9988589954373 94.8666
0 0
92.4986056779086 0
0 0
103.826174394986 0
0 0
116.540940379522 10.5407333333333
0 0
97.9988589954373 0
0 0
123.470825314031 0
0 0
123.470825314031 137.029533333333
0 0
116.540940379522 0
0 0
103.826174394986 0
0 0
82.4068892282175 15.8111
0 0
97.9988589954373 0
0 0
123.470825314031 0
0 0
116.540940379522 84.3258666666667
0 0
65.4063913251497 0
0 0
73.4161919793519 0
0 0
82.4068892282175 10.5407333333333
0 0
87.307057858251 0
0 0
69.295657744218 0
0 0
65.4063913251497 115.948066666667
0 0
87.307057858251 0
0 0
97.9988589954373 0
0 0
103.826174394986 0
0 0
69.295657744218 0
0 0
73.4161919793519 0
0 0
103.826174394986 632.444
0 0
82.4068892282175 0
0 0
116.540940379522 0
0 0
92.4986056779086 10.5407333333333
0 0
123.470825314031 0
0 0
69.295657744218 0
0 0
110 189.7332
0 10.5407333333333
110 195.003566666667
0 21.0814666666667
220 231.896133333333
0 31.6222
174.614115716502 5.27036666666667
0 15.8111
110 73.7851333333333
0 5.27036666666667
110 79.0555
0 10.5407333333333
123.470825314031 84.3258666666667
0 73.7851333333333
110 73.7851333333333
0 10.5407333333333
110 57.9740333333333
0 5.27036666666667
110 89.5962333333333
0 5.27036666666667
195.997717990875 200.273933333333
0 0
220 5.27036666666667
0 10.5407333333333
110 184.462833333333
0 0
110 163.381366666667
0 5.27036666666667
110 168.651733333333
0 15.8111
195.997717990875 195.003566666667
0 5.27036666666667
164.813778456435 0
0 21.0814666666667
123.470825314031 89.5962333333333
0 5.27036666666667
110 73.7851333333333
0 15.8111
110 79.0555
0 10.5407333333333
123.470825314031 84.3258666666667
0 5.27036666666667
110 68.5147666666667
0 10.5407333333333
110 84.3258666666667
0 10.5407333333333
174.614115716502 179.192466666667
0 10.5407333333333
195.997717990875 10.5407333333333
0 5.27036666666667
110 137.029533333333
0 10.5407333333333
110 142.2999
0 10.5407333333333
123.470825314031 158.111
0 0
195.997717990875 205.5443
0 10.5407333333333
220 0
0 100.136966666667
123.470825314031 89.5962333333333
0 10.5407333333333
123.470825314031 68.5147666666667
0 5.27036666666667
123.470825314031 79.0555
0 0
110 73.7851333333333
0 10.5407333333333
110 47.4333
0 15.8111
110 79.0555
0 10.5407333333333
195.997717990875 173.9221
0 5.27036666666667
174.614115716502 26.3518333333333
0 0
123.470825314031 142.2999
0 0
110 131.759166666667
0 5.27036666666667
110 131.759166666667
0 10.5407333333333
164.813778456435 137.029533333333
0 36.8925666666667
195.997717990875 10.5407333333333
0 0
123.470825314031 79.0555
0 10.5407333333333
123.470825314031 68.5147666666667
0 10.5407333333333
123.470825314031 63.2444
0 5.27036666666667
123.470825314031 73.7851333333333
0 10.5407333333333
123.470825314031 63.2444
0 0
123.470825314031 89.5962333333333
0 10.5407333333333
164.813778456435 137.029533333333
0 21.0814666666667
195.997717990875 5.27036666666667
0 5.27036666666667
110 158.111
0 0
110 152.840633333333
0 0
123.470825314031 131.759166666667
0 5.27036666666667
164.813778456435 158.111
0 31.6222
195.997717990875 10.5407333333333
0 5.27036666666667
110 68.5147666666667
0 10.5407333333333
123.470825314031 68.5147666666667
0 5.27036666666667
123.470825314031 57.9740333333333
0 10.5407333333333
110 73.7851333333333
0 10.5407333333333
123.470825314031 73.7851333333333
0 5.27036666666667
123.470825314031 94.8666
0 10.5407333333333
195.997717990875 147.570266666667
0 5.27036666666667
220 21.0814666666667
0 142.2999
110 121.218433333333
0 10.5407333333333
110 131.759166666667
0 5.27036666666667
123.470825314031 115.948066666667
0 15.8111
164.813778456435 94.8666
0 31.6222
195.997717990875 10.5407333333333
0 10.5407333333333
110 79.0555
0 5.27036666666667
110 73.7851333333333
0 5.27036666666667
123.470825314031 79.0555
0 0
110 73.7851333333333
0 10.5407333333333
110 57.9740333333333
0 10.5407333333333
110 89.5962333333333
0 5.27036666666667
195.997717990875 110.6777
0 21.0814666666667
220 0
0 184.462833333333
123.470825314031 94.8666
0 10.5407333333333
123.470825314031 110.6777
0 10.5407333333333
123.470825314031 110.6777
0 10.5407333333333
164.813778456435 105.407333333333
0 36.8925666666667
195.997717990875 15.8111
0 0
110 79.0555
0 10.5407333333333
110 79.0555
0 5.27036666666667
123.470825314031 73.7851333333333
0 5.27036666666667
123.470825314031 79.0555
0 10.5407333333333
123.470825314031 63.2444
0 5.27036666666667
110 105.407333333333
0 5.27036666666667
195.997717990875 152.840633333333
0 5.27036666666667
220 0
0 158.111
110 115.948066666667
0 5.27036666666667
123.470825314031 115.948066666667
0 10.5407333333333
110 115.948066666667
0 5.27036666666667
164.813778456435 121.218433333333
0 57.9740333333333
220 0
0 5.27036666666667
110 68.5147666666667
0 5.27036666666667
110 73.7851333333333
0 5.27036666666667
123.470825314031 68.5147666666667
0 15.8111
123.470825314031 73.7851333333333
0 10.5407333333333
123.470825314031 73.7851333333333
0 10.5407333333333
123.470825314031 89.5962333333333
0 10.5407333333333
164.813778456435 79.0555
0 36.8925666666667
220 0
0 5.27036666666667
110 89.5962333333333
0 10.5407333333333
123.470825314031 126.4888
0 0
123.470825314031 105.407333333333
0 5.27036666666667
164.813778456435 131.759166666667
0 42.1629333333333
195.997717990875 0
0 10.5407333333333
110 52.7036666666667
0 15.8111
110 63.2444
0 0
110 73.7851333333333
0 5.27036666666667
123.470825314031 73.7851333333333
0 0
123.470825314031 100.136966666667
0 10.5407333333333
123.470825314031 52.7036666666667
0 15.8111
220 79.0555
0 26.3518333333333
174.614115716502 5.27036666666667
0 0
123.470825314031 100.136966666667
0 36.8925666666667
123.470825314031 110.6777
0 10.5407333333333
123.470825314031 110.6777
0 10.5407333333333
164.813778456435 105.407333333333
0 36.8925666666667
195.997717990875 15.8111
0 0
110 79.0555
0 10.5407333333333
110 79.0555
0 5.27036666666667
123.470825314031 73.7851333333333
0 5.27036666666667
123.470825314031 79.0555
0 10.5407333333333
123.470825314031 63.2444
0 5.27036666666667
110 105.407333333333
0 5.27036666666667
195.997717990875 152.840633333333
0 5.27036666666667
220 0
0 158.111
110 115.948066666667
0 5.27036666666667
123.470825314031 0
