0 48071.0143666667
41.2034446141087 121.218433333333
0 36.8925666666667
41.2034446141087 126.4888
0 179.192466666667
41.2034446141087 94.8666
0 63.2444
41.2034446141087 147.570266666667
0 168.651733333333
41.2034446141087 84.3258666666667
0 73.7851333333333
41.2034446141087 195.003566666667
0 121.218433333333
41.2034446141087 100.136966666667
0 57.9740333333333
41.2034446141087 184.462833333333
0 131.759166666667
41.2034446141087 158.111
0 158.111
41.2034446141087 79.0555
0 79.0555
41.2034446141087 89.5962333333333
0 79.0555
41.2034446141087 210.814666666667
0 247.707233333333
41.2034446141087 79.0555
0 84.3258666666667
41.2034446141087 195.003566666667
0 121.218433333333
41.2034446141087 84.3258666666667
0 84.3258666666667
41.2034446141087 158.111
0 158.111
41.2034446141087 89.5962333333333
0 63.2444
41.2034446141087 163.381366666667
0 147.570266666667
41.2034446141087 189.7332
0 126.4888
73.4161919793519 131.759166666667
0 26.3518333333333
82.4068892282175 84.3258666666667
0 73.7851333333333
41.2034446141087 289.870166666667
0 184.462833333333
41.2034446141087 84.3258666666667
0 73.7851333333333
41.2034446141087 158.111
0 158.111
41.2034446141087 79.0555
0 79.0555
41.2034446141087 173.9221
0 142.2999
41.2034446141087 84.3258666666667
0 73.7851333333333
41.2034446141087 163.381366666667
0 152.840633333333
41.2034446141087 184.462833333333
0 131.759166666667
41.2034446141087 73.7851333333333
0 84.3258666666667
41.2034446141087 79.0555
0 84.3258666666667
41.2034446141087 231.896133333333
0 89.5962333333333
41.2034446141087 84.3258666666667
0 73.7851333333333
41.2034446141087 73.7851333333333
0 84.3258666666667
41.2034446141087 163.381366666667
0 147.570266666667
41.2034446141087 52.7036666666667
0 110.6777
41.2034446141087 89.5962333333333
0 68.5147666666667
41.2034446141087 131.759166666667
0 173.9221
41.2034446141087 79.0555
0 79.0555
41.2034446141087 79.0555
0 89.5962333333333
61.7354126570155 36.8925666666667
0 84.3258666666667
73.4161919793519 84.3258666666667
0 73.7851333333333
73.4161919793519 110.6777
0 36.8925666666667
41.2034446141087 237.1665
0 79.0555
41.2034446141087 68.5147666666667
0 89.5962333333333
41.2034446141087 63.2444
0 100.136966666667
41.2034446141087 163.381366666667
0 147.570266666667
41.2034446141087 57.9740333333333
0 100.136966666667
41.2034446141087 168.651733333333
0 147.570266666667
41.2034446141087 57.9740333333333
0 94.8666
41.2034446141087 94.8666
0 68.5147666666667
41.2034446141087 68.5147666666667
0 89.5962333333333
41.2034446141087 168.651733333333
0 147.570266666667
41.2034446141087 47.4333
0 110.6777
41.2034446141087 68.5147666666667
0 100.136966666667
41.2034446141087 200.273933333333
0 115.948066666667
41.2034446141087 73.7851333333333
0 84.3258666666667
41.2034446141087 73.7851333333333
0 84.3258666666667
41.2034446141087 163.381366666667
0 142.2999
41.2034446141087 63.2444
0 94.8666
41.2034446141087 84.3258666666667
0 79.0555
41.2034446141087 68.5147666666667
0 84.3258666666667
41.2034446141087 89.5962333333333
0 68.5147666666667
41.2034446141087 121.218433333333
0 195.003566666667
41.2034446141087 189.7332
0 126.4888
73.4161919793519 121.218433333333
0 31.6222
82.4068892282175 84.3258666666667
0 79.0555
41.2034446141087 210.814666666667
0 105.407333333333
41.2034446141087 68.5147666666667
0 94.8666
41.2034446141087 79.0555
0 79.0555
41.2034446141087 152.840633333333
0 158.111
41.2034446141087 57.9740333333333
0 100.136966666667
41.2034446141087 142.2999
0 173.9221
41.2034446141087 57.9740333333333
0 100.136966666667
41.2034446141087 126.4888
0 189.7332
41.2034446141087 152.840633333333
0 163.381366666667
41.2034446141087 84.3258666666667
0 73.7851333333333
41.2034446141087 57.9740333333333
0 100.136966666667
41.2034446141087 210.814666666667
0 105.407333333333
41.2034446141087 68.5147666666667
0 89.5962333333333
41.2034446141087 47.4333
0 115.948066666667
41.2034446141087 163.381366666667
0 147.570266666667
41.2034446141087 31.6222
0 126.4888
41.2034446141087 137.029533333333
0 179.192466666667
41.2034446141087 100.136966666667
0 57.9740333333333
41.2034446141087 89.5962333333333
0 226.625766666667
41.2034446141087 121.218433333333
0 47.4333
48.9994294977187 121.218433333333
0 26.3518333333333
65.4063913251497 84.3258666666667
0 73.7851333333333
65.4063913251497 84.3258666666667
0 1343.9435
41.2034446141087 221.3554
0 89.5962333333333
41.2034446141087 73.7851333333333
0 84.3258666666667
41.2034446141087 142.2999
0 15.8111
82.4068892282175 432.170066666667
0 42.1629333333333
41.2034446141087 363.6553
0 110.6777
41.2034446141087 274.059066666667
0 42.1629333333333
82.4068892282175 537.5774
0 94.8666
48.9994294977187 210.814666666667
0 105.407333333333
48.9994294977187 63.2444
0 94.8666
48.9994294977187 115.948066666667
0 36.8925666666667
97.9988589954373 426.8997
0 47.4333
48.9994294977187 395.2775
0 84.3258666666667
48.9994294977187 300.4109
0 15.8111
97.9988589954373 553.3885
0 79.0555
36.7080959896759 231.896133333333
0 84.3258666666667
36.7080959896759 68.5147666666667
0 89.5962333333333
36.7080959896759 126.4888
0 31.6222
73.4161919793519 453.251533333333
0 21.0814666666667
36.7080959896759 358.384933333333
0 115.948066666667
36.7080959896759 289.870166666667
0 26.3518333333333
73.4161919793519 500.684833333333
0 142.2999
41.2034446141087 200.273933333333
0 105.407333333333
41.2034446141087 84.3258666666667
0 73.7851333333333
41.2034446141087 137.029533333333
0 21.0814666666667
82.4068892282175 421.629333333333
0 52.7036666666667
41.2034446141087 390.007133333333
0 84.3258666666667
41.2034446141087 274.059066666667
0 52.7036666666667
73.4161919793519 26.3518333333333
0 121.218433333333
61.7354126570155 137.029533333333
0 15.8111
55 147.570266666667
0 15.8111
41.2034446141087 226.625766666667
0 89.5962333333333
41.2034446141087 79.0555
0 79.0555
41.2034446141087 126.4888
0 31.6222
82.4068892282175 421.629333333333
0 52.7036666666667
41.2034446141087 368.925666666667
0 105.407333333333
41.2034446141087 242.436866666667
0 73.7851333333333
82.4068892282175 553.3885
0 79.0555
48.9994294977187 210.814666666667
0 100.136966666667
48.9994294977187 73.7851333333333
0 84.3258666666667
48.9994294977187 115.948066666667
0 42.1629333333333
97.9988589954373 432.170066666667
0 47.4333
48.9994294977187 353.114566666667
0 115.948066666667
48.9994294977187 258.247966666667
0 63.2444
97.9988589954373 442.7108
0 189.7332
36.7080959896759 252.9776
0 63.2444
36.7080959896759 73.7851333333333
0 84.3258666666667
36.7080959896759 121.218433333333
0 36.8925666666667
73.4161919793519 416.358966666667
0 57.9740333333333
36.7080959896759 342.573833333333
0 131.759166666667
36.7080959896759 247.707233333333
0 68.5147666666667
73.4161919793519 521.7663
0 115.948066666667
41.2034446141087 226.625766666667
0 84.3258666666667
41.2034446141087 79.0555
0 79.0555
41.2034446141087 142.2999
0 15.8111
82.4068892282175 405.818233333333
0 68.5147666666667
41.2034446141087 284.5998
0 31.6222
82.4068892282175 126.4888
0 31.6222
41.2034446141087 73.7851333333333
0 84.3258666666667
41.2034446141087 152.840633333333
0 5.27036666666667
73.4161919793519 15.8111
0 142.2999
61.7354126570155 147.570266666667
0 5.27036666666667
55 94.8666
0 2598.29076666667
41.2034446141087 105.407333333333
0 52.7036666666667
41.2034446141087 184.462833333333
0 131.759166666667
41.2034446141087 89.5962333333333
0 68.5147666666667
41.2034446141087 200.273933333333
0 115.948066666667
41.2034446141087 94.8666
0 63.2444
41.2034446141087 189.7332
0 126.4888
41.2034446141087 84.3258666666667
0 73.7851333333333
41.2034446141087 200.273933333333
0 115.948066666667
41.2034446141087 195.003566666667
0 121.218433333333
41.2034446141087 84.3258666666667
0 73.7851333333333
41.2034446141087 289.870166666667
0 36.8925666666667
41.2034446141087 84.3258666666667
0 68.5147666666667
41.2034446141087 158.111
0 163.381366666667
41.2034446141087 100.136966666667
0 47.4333
41.2034446141087 100.136966666667
0 216.085033333333
41.2034446141087 73.7851333333333
0 84.3258666666667
41.2034446141087 121.218433333333
0 195.003566666667
41.2034446141087 216.085033333333
0 105.407333333333
41.2034446141087 110.6777
0 52.7036666666667
41.2034446141087 126.4888
0 31.6222
82.4068892282175 242.436866666667
0 63.2444
41.2034446141087 89.5962333333333
0 68.5147666666667
41.2034446141087 226.625766666667
0 100.136966666667
41.2034446141087 89.5962333333333
0 63.2444
41.2034446141087 205.5443
0 105.407333333333
41.2034446141087 84.3258666666667
0 73.7851333333333
41.2034446141087 205.5443
0 110.6777
41.2034446141087 79.0555
0 79.0555
41.2034446141087 200.273933333333
0 115.948066666667
41.2034446141087 200.273933333333
0 115.948066666667
73.4161919793519 79.0555
0 79.0555
82.4068892282175 79.0555
0 237.1665
41.2034446141087 63.2444
0 94.8666
41.2034446141087 184.462833333333
0 131.759166666667
41.2034446141087 68.5147666666667
0 89.5962333333333
41.2034446141087 210.814666666667
0 105.407333333333
41.2034446141087 89.5962333333333
0 68.5147666666667
41.2034446141087 173.9221
0 142.2999
41.2034446141087 310.951633333333
0 15.8111
41.2034446141087 94.8666
0 63.2444
41.2034446141087 100.136966666667
0 47.4333
65.4063913251497 268.7887
0 47.4333
41.2034446141087 105.407333333333
0 52.7036666666667
41.2034446141087 184.462833333333
0 131.759166666667
41.2034446141087 89.5962333333333
0 68.5147666666667
41.2034446141087 200.273933333333
0 115.948066666667
41.2034446141087 94.8666
0 63.2444
41.2034446141087 189.7332
0 126.4888
41.2034446141087 84.3258666666667
0 73.7851333333333
41.2034446141087 200.273933333333
0 115.948066666667
41.2034446141087 195.003566666667
0 121.218433333333
41.2034446141087 84.3258666666667
0 73.7851333333333
41.2034446141087 289.870166666667
0 36.8925666666667
41.2034446141087 84.3258666666667
0 68.5147666666667
41.2034446141087 158.111
0 163.381366666667
41.2034446141087 100.136966666667
0 47.4333
41.2034446141087 100.136966666667
0 216.085033333333
41.2034446141087 73.7851333333333
0 84.3258666666667
41.2034446141087 121.218433333333
0 195.003566666667
41.2034446141087 216.085033333333
0 105.407333333333
41.2034446141087 110.6777
0 52.7036666666667
41.2034446141087 126.4888
0 31.6222
73.4161919793519 115.948066666667
0 31.6222
82.4068892282175 126.4888
0 31.6222
41.2034446141087 89.5962333333333
0 68.5147666666667
41.2034446141087 226.625766666667
0 100.136966666667
41.2034446141087 89.5962333333333
0 63.2444
41.2034446141087 205.5443
0 105.407333333333
41.2034446141087 84.3258666666667
0 73.7851333333333
41.2034446141087 205.5443
0 110.6777
41.2034446141087 79.0555
0 79.0555
41.2034446141087 200.273933333333
0 115.948066666667
41.2034446141087 200.273933333333
0 115.948066666667
41.2034446141087 79.0555
0 79.0555
41.2034446141087 79.0555
0 237.1665
41.2034446141087 63.2444
0 94.8666
41.2034446141087 184.462833333333
0 131.759166666667
41.2034446141087 68.5147666666667
0 89.5962333333333
41.2034446141087 210.814666666667
0 105.407333333333
41.2034446141087 89.5962333333333
0 68.5147666666667
41.2034446141087 173.9221
0 142.2999
41.2034446141087 284.5998
0 31.6222
41.2034446141087 137.029533333333
0 21.0814666666667
48.9994294977187 137.029533333333
0 21.0814666666667
65.4063913251497 268.7887
0 2582.47966666667
41.2034446141087 221.3554
0 89.5962333333333
41.2034446141087 73.7851333333333
0 84.3258666666667
41.2034446141087 142.2999
0 15.8111
82.4068892282175 432.170066666667
0 42.1629333333333
41.2034446141087 363.6553
0 110.6777
41.2034446141087 274.059066666667
0 42.1629333333333
82.4068892282175 537.5774
0 94.8666
48.9994294977187 210.814666666667
0 105.407333333333
48.9994294977187 63.2444
0 94.8666
48.9994294977187 115.948066666667
0 36.8925666666667
97.9988589954373 426.8997
0 47.4333
48.9994294977187 395.2775
0 84.3258666666667
48.9994294977187 300.4109
0 15.8111
97.9988589954373 553.3885
0 79.0555
36.7080959896759 231.896133333333
0 84.3258666666667
36.7080959896759 68.5147666666667
0 89.5962333333333
36.7080959896759 126.4888
0 31.6222
73.4161919793519 453.251533333333
0 21.0814666666667
36.7080959896759 358.384933333333
0 115.948066666667
36.7080959896759 289.870166666667
0 26.3518333333333
73.4161919793519 500.684833333333
0 142.2999
41.2034446141087 200.273933333333
0 105.407333333333
41.2034446141087 84.3258666666667
0 73.7851333333333
41.2034446141087 137.029533333333
0 21.0814666666667
82.4068892282175 421.629333333333
0 52.7036666666667
82.4068892282175 68.5147666666667
0 84.3258666666667
41.2034446141087 216.085033333333
0 105.407333333333
41.2034446141087 121.218433333333
0 31.6222
48.9994294977187 137.029533333333
0 21.0814666666667
65.4063913251497 84.3258666666667
0 73.7851333333333
65.4063913251497 137.029533333333
0 21.0814666666667
41.2034446141087 226.625766666667
0 89.5962333333333
41.2034446141087 79.0555
0 79.0555
41.2034446141087 126.4888
0 31.6222
82.4068892282175 421.629333333333
0 52.7036666666667
41.2034446141087 368.925666666667
0 105.407333333333
41.2034446141087 242.436866666667
0 73.7851333333333
82.4068892282175 553.3885
0 79.0555
48.9994294977187 210.814666666667
0 100.136966666667
48.9994294977187 73.7851333333333
0 84.3258666666667
48.9994294977187 115.948066666667
0 42.1629333333333
97.9988589954373 432.170066666667
0 47.4333
48.9994294977187 353.114566666667
0 115.948066666667
48.9994294977187 258.247966666667
0 63.2444
97.9988589954373 442.7108
0 189.7332
36.7080959896759 252.9776
0 63.2444
36.7080959896759 73.7851333333333
0 84.3258666666667
36.7080959896759 121.218433333333
0 36.8925666666667
73.4161919793519 416.358966666667
0 57.9740333333333
36.7080959896759 342.573833333333
0 131.759166666667
36.7080959896759 247.707233333333
0 68.5147666666667
73.4161919793519 521.7663
0 115.948066666667
41.2034446141087 226.625766666667
0 84.3258666666667
41.2034446141087 79.0555
0 79.0555
41.2034446141087 142.2999
0 15.8111
82.4068892282175 405.818233333333
0 68.5147666666667
41.2034446141087 284.5998
0 31.6222
82.4068892282175 126.4888
0 31.6222
41.2034446141087 73.7851333333333
0 84.3258666666667
41.2034446141087 152.840633333333
0 5.27036666666667
73.4161919793519 15.8111
0 142.2999
61.7354126570155 147.570266666667
0 10.5407333333333
55 94.8666
0 68.5147666666667
65.4063913251497 258.247966666667
0 63.2444
65.4063913251497 79.0555
0 68.5147666666667
65.4063913251497 79.0555
0 79.0555
65.4063913251497 231.896133333333
0 94.8666
48.9994294977187 342.573833333333
0 595.551433333333
32.7031956625748 79.0555
0 79.0555
32.7031956625748 152.840633333333
0 158.111
32.7031956625748 84.3258666666667
0 79.0555
55 5.27036666666667
0 152.840633333333
73.4161919793519 21.0814666666667
0 137.029533333333
55 21.0814666666667
0 115.948066666667
36.7080959896759 131.759166666667
0 26.3518333333333
36.7080959896759 432.170066666667
0 363.6553
36.7080959896759 63.2444
0 89.5962333333333
36.7080959896759 142.2999
0 173.9221
36.7080959896759 79.0555
0 84.3258666666667
41.2034446141087 63.2444
0 89.5962333333333
41.2034446141087 158.111
0 158.111
41.2034446141087 73.7851333333333
0 84.3258666666667
41.2034446141087 179.192466666667
0 137.029533333333
41.2034446141087 73.7851333333333
0 84.3258666666667
41.2034446141087 158.111
0 152.840633333333
41.2034446141087 68.5147666666667
0 89.5962333333333
41.2034446141087 168.651733333333
0 152.840633333333
41.2034446141087 152.840633333333
0 163.381366666667
41.2034446141087 94.8666
0 63.2444
41.2034446141087 84.3258666666667
0 247.707233333333
41.2034446141087 84.3258666666667
0 57.9740333333333
41.2034446141087 147.570266666667
0 168.651733333333
41.2034446141087 73.7851333333333
0 73.7851333333333
41.2034446141087 147.570266666667
0 173.9221
41.2034446141087 84.3258666666667
0 73.7851333333333
41.2034446141087 137.029533333333
0 173.9221
41.2034446141087 73.7851333333333
0 73.7851333333333
41.2034446141087 121.218433333333
0 57.9740333333333
73.4161919793519 36.8925666666667
0 121.218433333333
61.7354126570155 10.5407333333333
0 137.029533333333
55 21.0814666666667
0 94.8666
32.7031956625748 258.247966666667
0 221.3554
32.7031956625748 147.570266666667
0 10.5407333333333
65.4063913251497 300.4109
0 10.5407333333333
48.9994294977187 152.840633333333
0 0
41.2034446141087 142.2999
0 15.8111
32.7031956625748 158.111
0 474.333
32.7031956625748 79.0555
0 79.0555
32.7031956625748 152.840633333333
0 158.111
32.7031956625748 84.3258666666667
0 79.0555
55 5.27036666666667
0 152.840633333333
73.4161919793519 21.0814666666667
0 137.029533333333
55 21.0814666666667
0 115.948066666667
36.7080959896759 131.759166666667
0 26.3518333333333
36.7080959896759 432.170066666667
0 363.6553
36.7080959896759 63.2444
0 89.5962333333333
36.7080959896759 142.2999
0 173.9221
36.7080959896759 79.0555
0 84.3258666666667
41.2034446141087 63.2444
0 89.5962333333333
41.2034446141087 158.111
0 158.111
41.2034446141087 73.7851333333333
0 84.3258666666667
41.2034446141087 179.192466666667
0 137.029533333333
41.2034446141087 73.7851333333333
0 84.3258666666667
41.2034446141087 158.111
0 152.840633333333
41.2034446141087 68.5147666666667
0 89.5962333333333
41.2034446141087 168.651733333333
0 152.840633333333
41.2034446141087 152.840633333333
0 163.381366666667
41.2034446141087 94.8666
0 63.2444
41.2034446141087 84.3258666666667
0 89.5962333333333
41.2034446141087 548.118133333333
0 68.5147666666667
46.2493028389543 537.5774
0 94.8666
48.9994294977187 590.281066666667
0 52.7036666666667
61.7354126570155 516.495933333333
0 105.407333333333
55 84.3258666666667
0 73.7851333333333
55 84.3258666666667
0 68.5147666666667
55 84.3258666666667
0 73.7851333333333
55 421.629333333333
0 52.7036666666667
73.4161919793519 105.407333333333
0 52.7036666666667
82.4068892282175 142.2999
0 15.8111
82.4068892282175 63.2444
0 89.5962333333333
97.9988589954373 10.5407333333333
0 400.547866666667
82.4068892282175 47.4333
0 105.407333333333
61.7354126570155 137.029533333333
0 21.0814666666667
55 147.570266666667
0 10.5407333333333
97.9988589954373 79.0555
0 210.814666666667
48.9994294977187 142.2999
0 15.8111
97.9988589954373 147.570266666667
0 10.5407333333333
46.2493028389543 421.629333333333
0 52.7036666666667
92.4986056779086 390.007133333333
0 79.0555
61.7354126570155 147.570266666667
0 10.5407333333333
92.4986056779086 10.5407333333333
0 574.469966666667
92.4986056779086 616.6329
0 31.6222
41.2034446141087 558.658866666667
0 63.2444
46.2493028389543 574.469966666667
0 57.9740333333333
48.9994294977187 542.847766666667
0 89.5962333333333
61.7354126570155 632.444
0 0
55 84.3258666666667
0 73.7851333333333
55 84.3258666666667
0 68.5147666666667
55 84.3258666666667
0 73.7851333333333
55 421.629333333333
0 52.7036666666667
73.4161919793519 105.407333333333
0 52.7036666666667
82.4068892282175 142.2999
0 15.8111
82.4068892282175 63.2444
0 89.5962333333333
97.9988589954373 10.5407333333333
0 400.547866666667
73.4161919793519 5.27036666666667
0 305.681266666667
61.7354126570155 5.27036666666667
0 131.759166666667
55 147.570266666667
0 10.5407333333333
97.9988589954373 79.0555
0 210.814666666667
48.9994294977187 142.2999
0 15.8111
97.9988589954373 147.570266666667
0 10.5407333333333
61.7354126570155 421.629333333333
0 52.7036666666667
61.7354126570155 384.736766666667
0 89.5962333333333
61.7354126570155 79.0555
0 79.0555
61.7354126570155 142.2999
0 15.8111
123.470825314031 321.492366666667
0 5.27036666666667
61.7354126570155 94.8666
0 63.2444
61.7354126570155 115.948066666667
0 42.1629333333333
61.7354126570155 142.2999
0 5.27036666666667
92.4986056779086 31.6222
0 121.218433333333
97.9988589954373 5.27036666666667
0 632.444
41.2034446141087 105.407333333333
0 52.7036666666667
41.2034446141087 184.462833333333
0 131.759166666667
41.2034446141087 89.5962333333333
0 68.5147666666667
82.4068892282175 200.273933333333
0 115.948066666667
41.2034446141087 94.8666
0 63.2444
41.2034446141087 189.7332
0 126.4888
41.2034446141087 84.3258666666667
0 73.7851333333333
41.2034446141087 200.273933333333
0 115.948066666667
41.2034446141087 195.003566666667
0 121.218433333333
41.2034446141087 84.3258666666667
0 73.7851333333333
41.2034446141087 289.870166666667
0 36.8925666666667
41.2034446141087 84.3258666666667
0 68.5147666666667
41.2034446141087 158.111
0 163.381366666667
41.2034446141087 100.136966666667
0 47.4333
41.2034446141087 100.136966666667
0 216.085033333333
41.2034446141087 73.7851333333333
0 84.3258666666667
41.2034446141087 121.218433333333
0 195.003566666667
41.2034446141087 216.085033333333
0 105.407333333333
82.4068892282175 110.6777
0 52.7036666666667
41.2034446141087 126.4888
0 31.6222
73.4161919793519 152.840633333333
0 0
82.4068892282175 152.840633333333
0 0
41.2034446141087 89.5962333333333
0 68.5147666666667
41.2034446141087 226.625766666667
0 100.136966666667
41.2034446141087 89.5962333333333
0 63.2444
41.2034446141087 205.5443
0 105.407333333333
41.2034446141087 84.3258666666667
0 73.7851333333333
41.2034446141087 205.5443
0 110.6777
41.2034446141087 79.0555
0 79.0555
41.2034446141087 200.273933333333
0 115.948066666667
41.2034446141087 200.273933333333
0 115.948066666667
73.4161919793519 79.0555
0 79.0555
82.4068892282175 79.0555
0 237.1665
41.2034446141087 63.2444
0 94.8666
41.2034446141087 184.462833333333
0 131.759166666667
41.2034446141087 68.5147666666667
0 89.5962333333333
41.2034446141087 210.814666666667
0 105.407333333333
41.2034446141087 89.5962333333333
0 68.5147666666667
65.4063913251497 158.111
0 0
73.4161919793519 137.029533333333
0 21.0814666666667
61.7354126570155 152.840633333333
0 0
55 147.570266666667
0 15.8111
73.4161919793519 15.8111
0 142.2999
61.7354126570155 10.5407333333333
0 142.2999
48.9994294977187 115.948066666667
0 47.4333
41.2034446141087 105.407333333333
0 52.7036666666667
41.2034446141087 184.462833333333
0 131.759166666667
41.2034446141087 89.5962333333333
0 68.5147666666667
82.4068892282175 200.273933333333
0 115.948066666667
41.2034446141087 94.8666
0 63.2444
41.2034446141087 189.7332
0 126.4888
41.2034446141087 84.3258666666667
0 73.7851333333333
41.2034446141087 200.273933333333
0 115.948066666667
41.2034446141087 131.759166666667
0 26.3518333333333
41.2034446141087 131.759166666667
0 26.3518333333333
73.4161919793519 84.3258666666667
0 73.7851333333333
82.4068892282175 179.192466666667
0 147.570266666667
41.2034446141087 84.3258666666667
0 68.5147666666667
41.2034446141087 158.111
0 163.381366666667
41.2034446141087 100.136966666667
0 47.4333
41.2034446141087 100.136966666667
0 216.085033333333
41.2034446141087 73.7851333333333
0 84.3258666666667
41.2034446141087 121.218433333333
0 195.003566666667
41.2034446141087 131.759166666667
0 36.8925666666667
41.2034446141087 121.218433333333
0 31.6222
73.4161919793519 10.5407333333333
0 147.570266666667
61.7354126570155 21.0814666666667
0 126.4888
55 110.6777
0 47.4333
41.2034446141087 89.5962333333333
0 68.5147666666667
41.2034446141087 226.625766666667
0 100.136966666667
41.2034446141087 89.5962333333333
0 63.2444
82.4068892282175 205.5443
0 105.407333333333
41.2034446141087 84.3258666666667
0 73.7851333333333
41.2034446141087 205.5443
0 110.6777
41.2034446141087 79.0555
0 79.0555
41.2034446141087 200.273933333333
0 94.8666
65.4063913251497 73.7851333333333
0 79.0555
65.4063913251497 89.5962333333333
0 63.2444
55 147.570266666667
0 10.5407333333333
48.9994294977187 84.3258666666667
0 274.059066666667
73.4161919793519 73.7851333333333
0 68.5147666666667
73.4161919793519 121.218433333333
0 42.1629333333333
36.7080959896759 105.407333333333
0 36.8925666666667
73.4161919793519 73.7851333333333
0 79.0555
73.4161919793519 89.5962333333333
0 231.896133333333
73.4161919793519 131.759166666667
0 36.8925666666667
61.7354126570155 147.570266666667
0 15.8111
55 100.136966666667
0 57.9740333333333
55 26.3518333333333
0 131.759166666667
48.9994294977187 26.3518333333333
0 131.759166666667
55 5.27036666666667
0 152.840633333333
65.4063913251497 10.5407333333333
0 147.570266666667
55 5.27036666666667
0 121.218433333333
41.2034446141087 221.3554
0 89.5962333333333
41.2034446141087 73.7851333333333
0 84.3258666666667
41.2034446141087 142.2999
0 15.8111
82.4068892282175 432.170066666667
0 42.1629333333333
41.2034446141087 363.6553
0 110.6777
41.2034446141087 274.059066666667
0 42.1629333333333
82.4068892282175 537.5774
0 94.8666
48.9994294977187 210.814666666667
0 105.407333333333
48.9994294977187 63.2444
0 94.8666
48.9994294977187 115.948066666667
0 36.8925666666667
97.9988589954373 426.8997
0 47.4333
48.9994294977187 395.2775
0 84.3258666666667
48.9994294977187 300.4109
0 15.8111
97.9988589954373 553.3885
0 79.0555
36.7080959896759 231.896133333333
0 84.3258666666667
36.7080959896759 68.5147666666667
0 89.5962333333333
36.7080959896759 126.4888
0 31.6222
73.4161919793519 453.251533333333
0 21.0814666666667
36.7080959896759 358.384933333333
0 115.948066666667
36.7080959896759 289.870166666667
0 26.3518333333333
73.4161919793519 500.684833333333
0 131.759166666667
41.2034446141087 152.840633333333
0 2376.93536666667
41.2034446141087 226.625766666667
0 89.5962333333333
41.2034446141087 79.0555
0 79.0555
41.2034446141087 126.4888
0 31.6222
82.4068892282175 421.629333333333
0 52.7036666666667
41.2034446141087 368.925666666667
0 105.407333333333
41.2034446141087 242.436866666667
0 73.7851333333333
82.4068892282175 553.3885
0 79.0555
48.9994294977187 210.814666666667
0 100.136966666667
48.9994294977187 73.7851333333333
0 84.3258666666667
48.9994294977187 115.948066666667
0 42.1629333333333
97.9988589954373 432.170066666667
0 47.4333
48.9994294977187 353.114566666667
0 115.948066666667
48.9994294977187 258.247966666667
0 63.2444
97.9988589954373 442.7108
0 189.7332
36.7080959896759 252.9776
0 63.2444
36.7080959896759 73.7851333333333
0 84.3258666666667
36.7080959896759 121.218433333333
0 36.8925666666667
73.4161919793519 416.358966666667
0 57.9740333333333
36.7080959896759 342.573833333333
0 131.759166666667
36.7080959896759 247.707233333333
0 68.5147666666667
73.4161919793519 521.7663
0 115.948066666667
41.2034446141087 226.625766666667
0 84.3258666666667
41.2034446141087 79.0555
0 79.0555
41.2034446141087 142.2999
0 15.8111
82.4068892282175 405.818233333333
0 68.5147666666667
41.2034446141087 284.5998
0 31.6222
82.4068892282175 126.4888
0 31.6222
48.9994294977187 221.3554
0 94.8666
73.4161919793519 15.8111
0 142.2999
61.7354126570155 147.570266666667
0 10.5407333333333
55 94.8666
0 63.2444
32.7031956625748 179.192466666667
0 137.029533333333
32.7031956625748 84.3258666666667
0 73.7851333333333
32.7031956625748 110.6777
0 47.4333
65.4063913251497 221.3554
0 89.5962333333333
32.7031956625748 105.407333333333
0 57.9740333333333
32.7031956625748 226.625766666667
0 89.5962333333333
32.7031956625748 63.2444
0 84.3258666666667
32.7031956625748 147.570266666667
0 0
55 21.0814666666667
0 137.029533333333
41.2034446141087 15.8111
0 142.2999
48.9994294977187 15.8111
0 142.2999
36.7080959896759 15.8111
0 173.9221
36.7080959896759 89.5962333333333
0 63.2444
36.7080959896759 94.8666
0 47.4333
73.4161919793519 411.0886
0 68.5147666666667
36.7080959896759 247.707233333333
0 68.5147666666667
73.4161919793519 137.029533333333
0 15.8111
55 142.2999
0 21.0814666666667
36.7080959896759 137.029533333333
0 21.0814666666667
73.4161919793519 131.759166666667
0 21.0814666666667
36.7080959896759 126.4888
0 31.6222
48.9994294977187 121.218433333333
0 36.8925666666667
55 79.0555
0 89.5962333333333
41.2034446141087 63.2444
0 89.5962333333333
41.2034446141087 158.111
0 158.111
41.2034446141087 73.7851333333333
0 84.3258666666667
82.4068892282175 179.192466666667
0 137.029533333333
41.2034446141087 73.7851333333333
0 84.3258666666667
41.2034446141087 158.111
0 152.840633333333
41.2034446141087 68.5147666666667
0 89.5962333333333
41.2034446141087 168.651733333333
0 152.840633333333
41.2034446141087 152.840633333333
0 163.381366666667
41.2034446141087 94.8666
0 63.2444
41.2034446141087 84.3258666666667
0 73.7851333333333
41.2034446141087 321.492366666667
0 152.840633333333
41.2034446141087 147.570266666667
0 10.5407333333333
82.4068892282175 416.358966666667
0 57.9740333333333
41.2034446141087 57.9740333333333
0 63.2444
41.2034446141087 121.218433333333
0 36.8925666666667
82.4068892282175 274.059066666667
0 42.1629333333333
82.4068892282175 126.4888
0 31.6222
73.4161919793519 126.4888
0 31.6222
61.7354126570155 142.2999
0 15.8111
55 94.8666
0 63.2444
32.7031956625748 226.625766666667
0 89.5962333333333
32.7031956625748 79.0555
0 79.0555
32.7031956625748 121.218433333333
0 36.8925666666667
65.4063913251497 258.247966666667
0 57.9740333333333
55 131.759166666667
0 26.3518333333333
48.9994294977187 158.111
0 10.5407333333333
41.2034446141087 142.2999
0 15.8111
41.2034446141087 21.0814666666667
0 295.140533333333
48.9994294977187 21.0814666666667
0 237.1665
41.2034446141087 121.218433333333
0 26.3518333333333
36.7080959896759 205.5443
0 110.6777
36.7080959896759 79.0555
0 79.0555
36.7080959896759 126.4888
0 31.6222
73.4161919793519 300.4109
0 15.8111
55 158.111
0 5.27036666666667
36.7080959896759 252.9776
0 57.9740333333333
55 84.3258666666667
0 189.7332
61.7354126570155 36.8925666666667
0 121.218433333333
55 26.3518333333333
0 142.2999
48.9994294977187 26.3518333333333
0 121.218433333333
41.2034446141087 42.1629333333333
0 6999.04693333333
41.2034446141087 0
