0 69526.6770666667
293.664767917408 247.707233333333
0 84.3258666666667
293.664767917408 221.3554
0 94.8666
293.664767917408 384.736766666667
0 1338.67313333333
246.941650628062 57.9740333333333
0 84.3258666666667
293.664767917408 226.625766666667
0 73.7851333333333
293.664767917408 221.3554
0 89.5962333333333
293.664767917408 279.329433333333
0 1633.81366666667
369.994422711634 579.740333333333
0 105.407333333333
369.994422711634 621.903266666667
0 3842.0973
293.664767917408 184.462833333333
0 73.7851333333333
293.664767917408 231.896133333333
0 79.0555
293.664767917408 363.6553
0 1365.02496666667
246.941650628062 79.0555
0 63.2444
293.664767917408 247.707233333333
0 42.1629333333333
293.664767917408 247.707233333333
0 79.0555
293.664767917408 353.114566666667
0 1560.02853333333
369.994422711634 579.740333333333
0 105.407333333333
369.994422711634 621.903266666667
0 29071.3425333333
293.664767917408 247.707233333333
0 84.3258666666667
293.664767917408 221.3554
0 94.8666
293.664767917408 384.736766666667
0 1338.67313333333
246.941650628062 57.9740333333333
0 84.3258666666667
293.664767917408 226.625766666667
0 73.7851333333333
293.664767917408 221.3554
0 89.5962333333333
293.664767917408 279.329433333333
0 1633.81366666667
369.994422711634 579.740333333333
0 105.407333333333
369.994422711634 621.903266666667
0 3842.0973
293.664767917408 184.462833333333
0 73.7851333333333
293.664767917408 231.896133333333
0 79.0555
293.664767917408 363.6553
0 1365.02496666667
246.941650628062 79.0555
0 63.2444
293.664767917408 247.707233333333
0 42.1629333333333
293.664767917408 247.707233333333
0 79.0555
293.664767917408 353.114566666667
0 1560.02853333333
369.994422711634 579.740333333333
0 105.407333333333
369.994422711634 621.903266666667
0 44255.2689
293.664767917408 305.681266666667
0 47.4333
246.941650628062 110.6777
0 26.3518333333333
293.664767917408 216.085033333333
0 79.0555
293.664767917408 305.681266666667
0 84.3258666666667
246.941650628062 121.218433333333
0 26.3518333333333
293.664767917408 68.5147666666667
0 68.5147666666667
293.664767917408 68.5147666666667
0 73.7851333333333
293.664767917408 89.5962333333333
0 63.2444
246.941650628062 105.407333333333
0 52.7036666666667
293.664767917408 200.273933333333
0 100.136966666667
329.62755691287 247.707233333333
0 279.329433333333
329.62755691287 57.9740333333333
0 63.2444
329.62755691287 63.2444
0 79.0555
329.62755691287 63.2444
0 115.948066666667
329.62755691287 142.2999
0 353.114566666667
329.62755691287 73.7851333333333
0 68.5147666666667
329.62755691287 68.5147666666667
0 73.7851333333333
329.62755691287 68.5147666666667
0 84.3258666666667
329.62755691287 63.2444
0 89.5962333333333
329.62755691287 63.2444
0 94.8666
329.62755691287 84.3258666666667
0 73.7851333333333
293.664767917408 79.0555
0 94.8666
293.664767917408 163.381366666667
0 5386.31473333333
293.664767917408 79.0555
0 73.7851333333333
293.664767917408 105.407333333333
0 47.4333
246.941650628062 79.0555
0 73.7851333333333
293.664767917408 226.625766666667
0 279.329433333333
293.664767917408 195.003566666667
0 100.136966666667
329.62755691287 200.273933333333
0 100.136966666667
329.62755691287 79.0555
0 73.7851333333333
329.62755691287 168.651733333333
0 163.381366666667
293.664767917408 368.925666666667
0 7510.2725
293.664767917408 247.707233333333
0 84.3258666666667
293.664767917408 221.3554
0 94.8666
293.664767917408 384.736766666667
0 1338.67313333333
246.941650628062 57.9740333333333
0 84.3258666666667
293.664767917408 226.625766666667
0 73.7851333333333
293.664767917408 221.3554
0 89.5962333333333
293.664767917408 279.329433333333
0 1633.81366666667
369.994422711634 579.740333333333
0 105.407333333333
369.994422711634 621.903266666667
0 3842.0973
293.664767917408 184.462833333333
0 73.7851333333333
293.664767917408 231.896133333333
0 79.0555
293.664767917408 363.6553
0 1365.02496666667
246.941650628062 79.0555
0 63.2444
293.664767917408 247.707233333333
0 42.1629333333333
293.664767917408 247.707233333333
0 79.0555
293.664767917408 353.114566666667
0 1560.02853333333
369.994422711634 579.740333333333
0 105.407333333333
369.994422711634 621.903266666667
0 9808.15236666667
293.664767917408 84.3258666666667
0 73.7851333333333
293.664767917408 79.0555
0 79.0555
293.664767917408 84.3258666666667
0 89.5962333333333
293.664767917408 79.0555
0 79.0555
293.664767917408 79.0555
0 84.3258666666667
293.664767917408 242.436866666667
0 1354.48423333333
293.664767917408 184.462833333333
0 94.8666
293.664767917408 237.1665
0 79.0555
293.664767917408 242.436866666667
0 79.0555
293.664767917408 237.1665
0 73.7851333333333
293.664767917408 284.5998
