0 15178.656
92.4986056779086 126.4888
0 505.9552
92.4986056779086 126.4888
0 505.9552
92.4986056779086 126.4888
0 505.9552
92.4986056779086 126.4888
0 30857.9968333333
92.4986056779086 121.218433333333
0 5.27036666666667
92.4986056779086 89.5962333333333
0 31.6222
92.4986056779086 126.4888
0 105.407333333333
92.4986056779086 84.3258666666667
0 226.625766666667
92.4986056779086 126.4888
0 195.003566666667
92.4986056779086 100.136966666667
0 52.7036666666667
82.4068892282175 100.136966666667
0 94.8666
92.4986056779086 84.3258666666667
0 226.625766666667
65.4063913251497 94.8666
0 15.8111
92.4986056779086 89.5962333333333
0 21.0814666666667
92.4986056779086 131.759166666667
0 89.5962333333333
92.4986056779086 94.8666
0 221.3554
92.4986056779086 105.407333333333
0 210.814666666667
92.4986056779086 89.5962333333333
0 36.8925666666667
92.4986056779086 105.407333333333
0 84.3258666666667
92.4986056779086 94.8666
0 221.3554
65.4063913251497 100.136966666667
0 10.5407333333333
65.4063913251497 89.5962333333333
0 21.0814666666667
92.4986056779086 115.948066666667
0 52.7036666666667
92.4986056779086 84.3258666666667
0 231.896133333333
92.4986056779086 121.218433333333
0 195.003566666667
92.4986056779086 89.5962333333333
0 21.0814666666667
92.4986056779086 121.218433333333
0 21.0814666666667
92.4986056779086 89.5962333333333
0 221.3554
92.4986056779086 105.407333333333
0 10.5407333333333
92.4986056779086 94.8666
0 5.27036666666667
92.4986056779086 110.6777
0 84.3258666666667
92.4986056779086 89.5962333333333
0 226.625766666667
92.4986056779086 131.759166666667
0 184.462833333333
92.4986056779086 94.8666
0 10.5407333333333
92.4986056779086 115.948066666667
0 79.0555
92.4986056779086 89.5962333333333
0 221.3554
92.4986056779086 105.407333333333
0 31.6222
92.4986056779086 73.7851333333333
0 36.8925666666667
92.4986056779086 126.4888
0 63.2444
92.4986056779086 79.0555
0 237.1665
92.4986056779086 115.948066666667
0 200.273933333333
92.4986056779086 94.8666
0 21.0814666666667
92.4986056779086 126.4888
0 63.2444
92.4986056779086 100.136966666667
0 216.085033333333
65.4063913251497 105.407333333333
0 10.5407333333333
92.4986056779086 89.5962333333333
0 21.0814666666667
92.4986056779086 121.218433333333
0 73.7851333333333
92.4986056779086 94.8666
0 221.3554
92.4986056779086 137.029533333333
0 179.192466666667
92.4986056779086 100.136966666667
0 15.8111
92.4986056779086 115.948066666667
0 68.5147666666667
92.4986056779086 94.8666
0 216.085033333333
92.4986056779086 110.6777
0 0
92.4986056779086 89.5962333333333
0 21.0814666666667
92.4986056779086 115.948066666667
0 57.9740333333333
92.4986056779086 100.136966666667
0 221.3554
92.4986056779086 121.218433333333
0 195.003566666667
92.4986056779086 94.8666
0 21.0814666666667
92.4986056779086 105.407333333333
0 52.7036666666667
92.4986056779086 100.136966666667
0 221.3554
92.4986056779086 110.6777
0 21.0814666666667
92.4986056779086 105.407333333333
0 5.27036666666667
92.4986056779086 94.8666
0 100.136966666667
92.4986056779086 89.5962333333333
0 226.625766666667
92.4986056779086 84.3258666666667
0 226.625766666667
65.4063913251497 100.136966666667
0 10.5407333333333
92.4986056779086 94.8666
0 73.7851333333333
92.4986056779086 94.8666
0 1470.4323
65.4063913251497 110.6777
0 100.136966666667
155.56349186104 115.948066666667
0 42.1629333333333
65.4063913251497 105.407333333333
0 52.7036666666667
155.56349186104 163.381366666667
0 73.7851333333333
155.56349186104 105.407333333333
0 47.4333
65.4063913251497 147.570266666667
0 10.5407333333333
155.56349186104 142.2999
0 173.9221
155.56349186104 105.407333333333
0 15.8111
155.56349186104 137.029533333333
0 15.8111
155.56349186104 110.6777
0 205.5443
155.56349186104 110.6777
0 15.8111
155.56349186104 100.136966666667
0 57.9740333333333
65.4063913251497 73.7851333333333
0 84.3258666666667
155.56349186104 121.218433333333
0 15.8111
155.56349186104 105.407333333333
0 52.7036666666667
65.4063913251497 94.8666
0 63.2444
155.56349186104 121.218433333333
0 189.7332
65.4063913251497 84.3258666666667
0 5.27036666666667
155.56349186104 105.407333333333
0 42.1629333333333
116.540940379522 89.5962333333333
0 226.625766666667
155.56349186104 94.8666
0 42.1629333333333
155.56349186104 89.5962333333333
0 68.5147666666667
65.4063913251497 68.5147666666667
0 89.5962333333333
155.56349186104 94.8666
0 36.8925666666667
92.4986056779086 89.5962333333333
0 73.7851333333333
92.4986056779086 79.0555
0 10.5407333333333
116.540940379522 121.218433333333
0 189.7332
103.826174394986 68.5147666666667
0 15.8111
65.4063913251497 36.8925666666667
0 179.192466666667
82.4068892282175 105.407333333333
0 21.0814666666667
155.56349186104 110.6777
0 205.5443
65.4063913251497 105.407333333333
0 10.5407333333333
116.540940379522 79.0555
0 84.3258666666667
65.4063913251497 73.7851333333333
0 84.3258666666667
116.540940379522 100.136966666667
0 21.0814666666667
116.540940379522 57.9740333333333
0 100.136966666667
65.4063913251497 84.3258666666667
0 63.2444
116.540940379522 105.407333333333
0 210.814666666667
65.4063913251497 79.0555
0 10.5407333333333
116.540940379522 110.6777
0 5.27036666666667
82.4068892282175 68.5147666666667
0 89.5962333333333
82.4068892282175 63.2444
0 94.8666
220 89.5962333333333
0 15.8111
155.56349186104 79.0555
0 79.0555
65.4063913251497 79.0555
0 79.0555
116.540940379522 115.948066666667
0 0
92.4986056779086 89.5962333333333
0 68.5147666666667
65.4063913251497 79.0555
0 79.0555
92.4986056779086 94.8666
0 221.3554
92.4986056779086 89.5962333333333
0 5.27036666666667
116.540940379522 100.136966666667
0 10.5407333333333
116.540940379522 110.6777
0 195.003566666667
116.540940379522 100.136966666667
0 15.8111
92.4986056779086 105.407333333333
0 52.7036666666667
65.4063913251497 89.5962333333333
0 63.2444
82.4068892282175 84.3258666666667
0 10.5407333333333
92.4986056779086 79.0555
0 84.3258666666667
65.4063913251497 84.3258666666667
0 68.5147666666667
92.4986056779086 89.5962333333333
0 226.625766666667
65.4063913251497 89.5962333333333
0 0
92.4986056779086 94.8666
0 15.8111
116.540940379522 94.8666
0 221.3554
92.4986056779086 84.3258666666667
0 21.0814666666667
92.4986056779086 100.136966666667
0 57.9740333333333
65.4063913251497 79.0555
0 79.0555
92.4986056779086 89.5962333333333
0 21.0814666666667
116.540940379522 94.8666
0 63.2444
65.4063913251497 89.5962333333333
0 68.5147666666667
92.4986056779086 105.407333333333
0 205.5443
65.4063913251497 84.3258666666667
0 10.5407333333333
92.4986056779086 94.8666
0 5.27036666666667
92.4986056779086 94.8666
0 221.3554
138.591315488436 68.5147666666667
0 36.8925666666667
92.4986056779086 89.5962333333333
0 73.7851333333333
65.4063913251497 73.7851333333333
0 79.0555
92.4986056779086 100.136966666667
0 5.27036666666667
92.4986056779086 94.8666
0 79.0555
65.4063913251497 89.5962333333333
0 57.9740333333333
92.4986056779086 94.8666
0 79.0555
82.4068892282175 121.218433333333
0 31.6222
65.4063913251497 73.7851333333333
0 84.3258666666667
65.4063913251497 73.7851333333333
0 73.7851333333333
92.4986056779086 89.5962333333333
0 57.9740333333333
82.4068892282175 63.2444
0 94.8666
82.4068892282175 84.3258666666667
0 2608.8315
65.4063913251497 68.5147666666667
0 47.4333
65.4063913251497 121.218433333333
0 36.8925666666667
116.540940379522 158.111
0 0
65.4063913251497 73.7851333333333
0 84.3258666666667
116.540940379522 115.948066666667
0 42.1629333333333
65.4063913251497 63.2444
0 52.7036666666667
65.4063913251497 89.5962333333333
0 63.2444
116.540940379522 152.840633333333
0 10.5407333333333
65.4063913251497 63.2444
0 89.5962333333333
65.4063913251497 79.0555
0 68.5147666666667
82.4068892282175 68.5147666666667
0 63.2444
65.4063913251497 73.7851333333333
0 68.5147666666667
65.4063913251497 63.2444
0 84.3258666666667
116.540940379522 131.759166666667
0 42.1629333333333
65.4063913251497 68.5147666666667
0 73.7851333333333
65.4063913251497 89.5962333333333
0 26.3518333333333
116.540940379522 131.759166666667
0 0
65.4063913251497 100.136966666667
0 57.9740333333333
116.540940379522 115.948066666667
0 42.1629333333333
65.4063913251497 57.9740333333333
0 100.136966666667
116.540940379522 110.6777
0 36.8925666666667
116.540940379522 105.407333333333
0 15.8111
116.540940379522 131.759166666667
0 36.8925666666667
116.540940379522 115.948066666667
0 200.273933333333
65.4063913251497 68.5147666666667
0 52.7036666666667
65.4063913251497 121.218433333333
0 36.8925666666667
116.540940379522 115.948066666667
0 42.1629333333333
65.4063913251497 73.7851333333333
0 84.3258666666667
116.540940379522 115.948066666667
0 10.5407333333333
116.540940379522 63.2444
0 47.4333
65.4063913251497 89.5962333333333
0 68.5147666666667
116.540940379522 131.759166666667
0 26.3518333333333
65.4063913251497 63.2444
0 94.8666
116.540940379522 79.0555
0 42.1629333333333
82.4068892282175 68.5147666666667
0 52.7036666666667
65.4063913251497 73.7851333333333
0 36.8925666666667
65.4063913251497 63.2444
0 84.3258666666667
116.540940379522 121.218433333333
0 52.7036666666667
65.4063913251497 68.5147666666667
0 68.5147666666667
65.4063913251497 89.5962333333333
0 10.5407333333333
82.4068892282175 115.948066666667
0 15.8111
65.4063913251497 100.136966666667
0 52.7036666666667
116.540940379522 110.6777
0 52.7036666666667
65.4063913251497 57.9740333333333
0 94.8666
65.4063913251497 110.6777
0 31.6222
116.540940379522 105.407333333333
0 0
82.4068892282175 121.218433333333
0 47.4333
116.540940379522 110.6777
0 205.5443
65.4063913251497 68.5147666666667
0 52.7036666666667
65.4063913251497 121.218433333333
0 36.8925666666667
116.540940379522 110.6777
0 47.4333
65.4063913251497 73.7851333333333
0 79.0555
82.4068892282175 115.948066666667
0 5.27036666666667
65.4063913251497 63.2444
0 52.7036666666667
65.4063913251497 89.5962333333333
0 63.2444
116.540940379522 131.759166666667
0 31.6222
65.4063913251497 63.2444
0 89.5962333333333
65.4063913251497 79.0555
0 42.1629333333333
82.4068892282175 68.5147666666667
0 42.1629333333333
65.4063913251497 73.7851333333333
0 31.6222
65.4063913251497 63.2444
0 84.3258666666667
116.540940379522 126.4888
0 47.4333
65.4063913251497 68.5147666666667
0 73.7851333333333
65.4063913251497 89.5962333333333
0 10.5407333333333
82.4068892282175 115.948066666667
0 15.8111
65.4063913251497 100.136966666667
0 57.9740333333333
116.540940379522 110.6777
0 47.4333
65.4063913251497 57.9740333333333
0 100.136966666667
116.540940379522 110.6777
0 10.5407333333333
116.540940379522 110.6777
0 0
82.4068892282175 105.407333333333
0 63.2444
116.540940379522 100.136966666667
0 216.085033333333
65.4063913251497 68.5147666666667
0 47.4333
65.4063913251497 121.218433333333
0 31.6222
116.540940379522 115.948066666667
0 47.4333
65.4063913251497 73.7851333333333
0 79.0555
82.4068892282175 115.948066666667
0 0
65.4063913251497 63.2444
0 36.8925666666667
65.4063913251497 89.5962333333333
0 63.2444
116.540940379522 115.948066666667
0 47.4333
65.4063913251497 63.2444
0 84.3258666666667
65.4063913251497 79.0555
0 21.0814666666667
82.4068892282175 68.5147666666667
0 26.3518333333333
65.4063913251497 73.7851333333333
0 26.3518333333333
65.4063913251497 63.2444
0 79.0555
116.540940379522 131.759166666667
0 47.4333
65.4063913251497 68.5147666666667
0 68.5147666666667
65.4063913251497 89.5962333333333
0 15.8111
82.4068892282175 110.6777
0 21.0814666666667
65.4063913251497 100.136966666667
0 52.7036666666667
116.540940379522 131.759166666667
0 31.6222
65.4063913251497 57.9740333333333
0 94.8666
65.4063913251497 110.6777
0 5.27036666666667
116.540940379522 105.407333333333
0 5.27036666666667
82.4068892282175 115.948066666667
0 52.7036666666667
116.540940379522 158.111
0 158.111
103.826174394986 126.4888
0 2408.55756666667
65.4063913251497 100.136966666667
0 110.6777
155.56349186104 147.570266666667
0 15.8111
65.4063913251497 105.407333333333
0 42.1629333333333
82.4068892282175 231.896133333333
0 5.27036666666667
65.4063913251497 42.1629333333333
0 105.407333333333
155.56349186104 210.814666666667
0 100.136966666667
65.4063913251497 105.407333333333
0 89.5962333333333
82.4068892282175 163.381366666667
0 26.3518333333333
116.540940379522 274.059066666667
0 42.1629333333333
65.4063913251497 110.6777
0 115.948066666667
65.4063913251497 31.6222
0 42.1629333333333
82.4068892282175 121.218433333333
0 121.218433333333
65.4063913251497 89.5962333333333
0 5.27036666666667
155.56349186104 231.896133333333
0 79.0555
65.4063913251497 89.5962333333333
0 94.8666
82.4068892282175 105.407333333333
0 131.759166666667
116.540940379522 268.7887
0 47.4333
65.4063913251497 94.8666
0 179.192466666667
65.4063913251497 47.4333
0 21.0814666666667
82.4068892282175 105.407333333333
0 131.759166666667
65.4063913251497 47.4333
0 36.8925666666667
155.56349186104 242.436866666667
0 79.0555
155.56349186104 94.8666
0 126.4888
155.56349186104 105.407333333333
0 147.570266666667
116.540940379522 284.5998
0 31.6222
65.4063913251497 105.407333333333
0 126.4888
65.4063913251497 73.7851333333333
0 0
220 105.407333333333
0 121.218433333333
65.4063913251497 42.1629333333333
0 42.1629333333333
82.4068892282175 79.0555
0 73.7851333333333
65.4063913251497 52.7036666666667
0 36.8925666666667
65.4063913251497 100.136966666667
0 115.948066666667
82.4068892282175 115.948066666667
0 126.4888
82.4068892282175 68.5147666666667
0 89.5962333333333
82.4068892282175 63.2444
0 89.5962333333333
65.4063913251497 89.5962333333333
0 179.192466666667
65.4063913251497 52.7036666666667
0 26.3518333333333
155.56349186104 115.948066666667
0 126.4888
65.4063913251497 63.2444
0 15.8111
155.56349186104 242.436866666667
0 73.7851333333333
155.56349186104 89.5962333333333
0 115.948066666667
82.4068892282175 100.136966666667
0 173.9221
116.540940379522 289.870166666667
0 21.0814666666667
65.4063913251497 100.136966666667
0 126.4888
65.4063913251497 73.7851333333333
0 15.8111
82.4068892282175 94.8666
0 126.4888
65.4063913251497 57.9740333333333
0 26.3518333333333
155.56349186104 258.247966666667
0 63.2444
65.4063913251497 89.5962333333333
0 131.759166666667
82.4068892282175 110.6777
0 152.840633333333
116.540940379522 284.5998
0 31.6222
65.4063913251497 94.8666
0 126.4888
65.4063913251497 52.7036666666667
0 26.3518333333333
82.4068892282175 100.136966666667
0 158.111
65.4063913251497 79.0555
0 10.5407333333333
155.56349186104 237.1665
0 73.7851333333333
65.4063913251497 84.3258666666667
0 158.111
82.4068892282175 94.8666
0 137.029533333333
155.56349186104 289.870166666667
0 26.3518333333333
65.4063913251497 73.7851333333333
0 216.085033333333
116.540940379522 137.029533333333
0 15.8111
65.4063913251497 73.7851333333333
0 79.0555
116.540940379522 105.407333333333
0 57.9740333333333
65.4063913251497 15.8111
0 73.7851333333333
82.4068892282175 52.7036666666667
0 68.5147666666667
65.4063913251497 73.7851333333333
0 84.3258666666667
82.4068892282175 73.7851333333333
0 84.3258666666667
110 137.029533333333
0 15.8111
97.9988589954373 152.840633333333
0 5.27036666666667
87.307057858251 110.6777
0 31.6222
65.4063913251497 205.5443
0 63.2444
116.540940379522 105.407333333333
0 63.2444
65.4063913251497 84.3258666666667
0 63.2444
82.4068892282175 110.6777
0 110.6777
116.540940379522 94.8666
0 221.3554
116.540940379522 163.381366666667
0 147.570266666667
65.4063913251497 68.5147666666667
0 57.9740333333333
65.4063913251497 89.5962333333333
0 57.9740333333333
82.4068892282175 121.218433333333
0 36.8925666666667
65.4063913251497 26.3518333333333
0 57.9740333333333
116.540940379522 147.570266666667
0 15.8111
82.4068892282175 73.7851333333333
0 84.3258666666667
220 195.003566666667
0 5.27036666666667
116.540940379522 115.948066666667
0 52.7036666666667
65.4063913251497 100.136966666667
0 52.7036666666667
116.540940379522 110.6777
0 31.6222
65.4063913251497 63.2444
0 52.7036666666667
65.4063913251497 94.8666
0 47.4333
116.540940379522 158.111
0 158.111
65.4063913251497 63.2444
0 68.5147666666667
65.4063913251497 89.5962333333333
0 63.2444
82.4068892282175 94.8666
0 68.5147666666667
65.4063913251497 79.0555
0 68.5147666666667
82.4068892282175 73.7851333333333
0 42.1629333333333
82.4068892282175 131.759166666667
0 10.5407333333333
65.4063913251497 89.5962333333333
0 79.0555
65.4063913251497 21.0814666666667
0 84.3258666666667
116.540940379522 142.2999
0 21.0814666666667
65.4063913251497 84.3258666666667
0 63.2444
82.4068892282175 110.6777
0 84.3258666666667
65.4063913251497 73.7851333333333
0 31.6222
65.4063913251497 105.407333333333
0 47.4333
65.4063913251497 10.5407333333333
0 47.4333
65.4063913251497 105.407333333333
0 10.5407333333333
82.4068892282175 115.948066666667
0 57.9740333333333
116.540940379522 57.9740333333333
0 42.1629333333333
65.4063913251497 84.3258666666667
0 73.7851333333333
116.540940379522 137.029533333333
0 21.0814666666667
65.4063913251497 68.5147666666667
0 89.5962333333333
116.540940379522 52.7036666666667
0 42.1629333333333
116.540940379522 94.8666
0 63.2444
65.4063913251497 5.27036666666667
0 94.8666
116.540940379522 115.948066666667
0 36.8925666666667
82.4068892282175 63.2444
0 94.8666
116.540940379522 79.0555
0 68.5147666666667
65.4063913251497 73.7851333333333
0 57.9740333333333
65.4063913251497 79.0555
0 63.2444
82.4068892282175 100.136966666667
0 10.5407333333333
123.470825314031 147.570266666667
0 10.5407333333333
82.4068892282175 110.6777
0 15.8111
65.4063913251497 137.029533333333
0 100.136966666667
65.4063913251497 26.3518333333333
0 57.9740333333333
116.540940379522 152.840633333333
0 26.3518333333333
116.540940379522 121.218433333333
0 21.0814666666667
65.4063913251497 142.2999
0 5.27036666666667
116.540940379522 152.840633333333
0 163.381366666667
116.540940379522 57.9740333333333
0 10.5407333333333
65.4063913251497 84.3258666666667
0 73.7851333333333
116.540940379522 142.2999
0 21.0814666666667
65.4063913251497 21.0814666666667
0 73.7851333333333
116.540940379522 168.651733333333
0 5.27036666666667
82.4068892282175 68.5147666666667
0 79.0555
220 200.273933333333
0 21.0814666666667
116.540940379522 89.5962333333333
0 57.9740333333333
65.4063913251497 89.5962333333333
0 68.5147666666667
116.540940379522 142.2999
0 26.3518333333333
65.4063913251497 68.5147666666667
0 94.8666
65.4063913251497 15.8111
0 89.5962333333333
82.4068892282175 5.27036666666667
0 115.948066666667
65.4063913251497 79.0555
0 68.5147666666667
65.4063913251497 79.0555
0 73.7851333333333
82.4068892282175 115.948066666667
0 42.1629333333333
65.4063913251497 31.6222
0 57.9740333333333
116.540940379522 68.5147666666667
0 89.5962333333333
65.4063913251497 105.407333333333
0 31.6222
65.4063913251497 84.3258666666667
0 73.7851333333333
65.4063913251497 89.5962333333333
0 10.5407333333333
65.4063913251497 21.0814666666667
0 47.4333
82.4068892282175 110.6777
0 52.7036666666667
65.4063913251497 63.2444
0 100.136966666667
65.4063913251497 5.27036666666667
0 89.5962333333333
82.4068892282175 36.8925666666667
0 63.2444
65.4063913251497 68.5147666666667
0 105.407333333333
65.4063913251497 100.136966666667
0 57.9740333333333
82.4068892282175 10.5407333333333
0 73.7851333333333
82.4068892282175 73.7851333333333
0 84.3258666666667
82.4068892282175 68.5147666666667
0 84.3258666666667
65.4063913251497 200.273933333333
0 0
65.4063913251497 52.7036666666667
0 26.3518333333333
82.4068892282175 163.381366666667
0 147.570266666667
82.4068892282175 110.6777
0 47.4333
138.591315488436 68.5147666666667
0 89.5962333333333
65.4063913251497 26.3518333333333
0 36.8925666666667
82.4068892282175 100.136966666667
0 115.948066666667
82.4068892282175 84.3258666666667
0 73.7851333333333
97.9988589954373 100.136966666667
0 57.9740333333333
87.307057858251 84.3258666666667
0 73.7851333333333
82.4068892282175 84.3258666666667
0 63.2444
65.4063913251497 189.7332
0 21.0814666666667
155.56349186104 163.381366666667
0 10.5407333333333
65.4063913251497 110.6777
0 31.6222
155.56349186104 189.7332
0 126.4888
65.4063913251497 68.5147666666667
0 89.5962333333333
65.4063913251497 63.2444
0 15.8111
82.4068892282175 179.192466666667
0 52.7036666666667
155.56349186104 210.814666666667
0 105.407333333333
155.56349186104 216.085033333333
0 100.136966666667
155.56349186104 231.896133333333
0 89.5962333333333
138.591315488436 126.4888
0 52.7036666666667
65.4063913251497 63.2444
0 79.0555
155.56349186104 189.7332
0 121.218433333333
65.4063913251497 57.9740333333333
0 100.136966666667
65.4063913251497 63.2444
0 47.4333
82.4068892282175 126.4888
0 73.7851333333333
155.56349186104 231.896133333333
0 84.3258666666667
155.56349186104 200.273933333333
0 115.948066666667
155.56349186104 210.814666666667
0 100.136966666667
65.4063913251497 131.759166666667
0 47.4333
65.4063913251497 52.7036666666667
0 68.5147666666667
155.56349186104 195.003566666667
0 121.218433333333
155.56349186104 73.7851333333333
0 84.3258666666667
65.4063913251497 57.9740333333333
0 21.0814666666667
220 115.948066666667
0 68.5147666666667
155.56349186104 189.7332
0 126.4888
155.56349186104 195.003566666667
0 121.218433333333
155.56349186104 184.462833333333
0 131.759166666667
65.4063913251497 105.407333333333
0 52.7036666666667
103.826174394986 126.4888
0 189.7332
82.4068892282175 137.029533333333
0 89.5962333333333
103.826174394986 126.4888
0 184.462833333333
138.591315488436 100.136966666667
0 31.6222
103.826174394986 110.6777
0 5.27036666666667
82.4068892282175 100.136966666667
0 184.462833333333
97.9988589954373 73.7851333333333
0 26.3518333333333
82.4068892282175 89.5962333333333
0 68.5147666666667
138.591315488436 131.759166666667
0 100.136966666667
103.826174394986 152.840633333333
0 10.5407333333333
103.826174394986 15.8111
0 121.218433333333
65.4063913251497 68.5147666666667
0 89.5962333333333
65.4063913251497 5.27036666666667
0 79.0555
220 158.111
0 21.0814666666667
103.826174394986 137.029533333333
0 179.192466666667
103.826174394986 131.759166666667
0 184.462833333333
103.826174394986 110.6777
0 200.273933333333
65.4063913251497 121.218433333333
0 105.407333333333
103.826174394986 137.029533333333
0 31.6222
65.4063913251497 147.570266666667
0 0
103.826174394986 137.029533333333
0 173.9221
65.4063913251497 73.7851333333333
0 84.3258666666667
65.4063913251497 79.0555
0 10.5407333333333
138.591315488436 110.6777
0 57.9740333333333
103.826174394986 158.111
0 158.111
103.826174394986 184.462833333333
0 131.759166666667
103.826174394986 300.4109
0 10.5407333333333
65.4063913251497 110.6777
0 5.27036666666667
103.826174394986 152.840633333333
0 10.5407333333333
65.4063913251497 94.8666
0 63.2444
103.826174394986 152.840633333333
0 158.111
103.826174394986 57.9740333333333
0 94.8666
65.4063913251497 79.0555
0 57.9740333333333
82.4068892282175 126.4888
0 10.5407333333333
65.4063913251497 63.2444
0 73.7851333333333
82.4068892282175 73.7851333333333
0 84.3258666666667
123.470825314031 73.7851333333333
0 68.5147666666667
110 110.6777
0 42.1629333333333
87.307057858251 84.3258666666667
0 47.4333
82.4068892282175 36.8925666666667
0 31.6222
82.4068892282175 63.2444
0 1802.4654
116.540940379522 31.6222
0 0
116.540940379522 31.6222
0 0
116.540940379522 31.6222
0 0
116.540940379522 31.6222
0 0
116.540940379522 31.6222
0 0
116.540940379522 31.6222
0 0
116.540940379522 31.6222
0 0
116.540940379522 31.6222
0 0
116.540940379522 31.6222
0 0
116.540940379522 31.6222
0 0
116.540940379522 31.6222
0 0
116.540940379522 31.6222
0 0
116.540940379522 31.6222
0 0
116.540940379522 31.6222
0 0
116.540940379522 31.6222
0 0
116.540940379522 31.6222
0 0
116.540940379522 31.6222
0 0
116.540940379522 31.6222
0 0
116.540940379522 31.6222
0 0
116.540940379522 31.6222
0 0
116.540940379522 31.6222
0 0
116.540940379522 31.6222
0 0
103.826174394986 5.27036666666667
0 26.3518333333333
65.4063913251497 121.218433333333
0 36.8925666666667
116.540940379522 137.029533333333
0 21.0814666666667
65.4063913251497 73.7851333333333
0 79.0555
82.4068892282175 115.948066666667
0 52.7036666666667
65.4063913251497 63.2444
0 94.8666
65.4063913251497 31.6222
0 57.9740333333333
65.4063913251497 15.8111
0 47.4333
65.4063913251497 79.0555
0 84.3258666666667
82.4068892282175 68.5147666666667
0 89.5962333333333
65.4063913251497 73.7851333333333
0 73.7851333333333
65.4063913251497 63.2444
0 79.0555
116.540940379522 179.192466666667
0 0
65.4063913251497 68.5147666666667
0 68.5147666666667
65.4063913251497 89.5962333333333
0 73.7851333333333
82.4068892282175 131.759166666667
0 26.3518333333333
65.4063913251497 52.7036666666667
0 47.4333
65.4063913251497 15.8111
0 42.1629333333333
65.4063913251497 110.6777
0 89.5962333333333
116.540940379522 110.6777
0 79.0555
82.4068892282175 168.651733333333
0 47.4333
82.4068892282175 26.3518333333333
0 47.4333
65.4063913251497 68.5147666666667
0 84.3258666666667
65.4063913251497 52.7036666666667
0 68.5147666666667
65.4063913251497 31.6222
0 42.1629333333333
82.4068892282175 115.948066666667
0 89.5962333333333
65.4063913251497 63.2444
0 94.8666
65.4063913251497 26.3518333333333
0 63.2444
65.4063913251497 36.8925666666667
0 26.3518333333333
65.4063913251497 79.0555
0 121.218433333333
82.4068892282175 68.5147666666667
0 79.0555
82.4068892282175 57.9740333333333
0 15.8111
65.4063913251497 73.7851333333333
0 89.5962333333333
65.4063913251497 42.1629333333333
0 21.0814666666667
65.4063913251497 42.1629333333333
0 26.3518333333333
65.4063913251497 89.5962333333333
0 110.6777
82.4068892282175 131.759166666667
0 26.3518333333333
65.4063913251497 73.7851333333333
0 26.3518333333333
65.4063913251497 57.9740333333333
0 0
65.4063913251497 110.6777
0 110.6777
116.540940379522 110.6777
0 115.948066666667
82.4068892282175 168.651733333333
0 52.7036666666667
82.4068892282175 57.9740333333333
0 15.8111
65.4063913251497 68.5147666666667
0 84.3258666666667
65.4063913251497 52.7036666666667
0 68.5147666666667
65.4063913251497 73.7851333333333
0 0
82.4068892282175 115.948066666667
0 100.136966666667
65.4063913251497 63.2444
0 94.8666
65.4063913251497 79.0555
0 10.5407333333333
65.4063913251497 63.2444
0 5.27036666666667
116.540940379522 79.0555
0 158.111
82.4068892282175 68.5147666666667
0 158.111
65.4063913251497 73.7851333333333
0 89.5962333333333
65.4063913251497 63.2444
0 5.27036666666667
65.4063913251497 73.7851333333333
0 94.8666
65.4063913251497 47.4333
0 21.0814666666667
65.4063913251497 89.5962333333333
0 126.4888
82.4068892282175 131.759166666667
0 26.3518333333333
65.4063913251497 89.5962333333333
0 10.5407333333333
65.4063913251497 52.7036666666667
0 5.27036666666667
65.4063913251497 110.6777
0 100.136966666667
65.4063913251497 110.6777
0 52.7036666666667
65.4063913251497 31.6222
0 42.1629333333333
82.4068892282175 168.651733333333
0 42.1629333333333
82.4068892282175 63.2444
0 10.5407333333333
65.4063913251497 68.5147666666667
0 84.3258666666667
65.4063913251497 89.5962333333333
0 31.6222
65.4063913251497 42.1629333333333
0 31.6222
116.540940379522 115.948066666667
0 57.9740333333333
65.4063913251497 63.2444
0 94.8666
65.4063913251497 21.0814666666667
0 68.5147666666667
65.4063913251497 42.1629333333333
0 21.0814666666667
65.4063913251497 79.0555
0 121.218433333333
82.4068892282175 68.5147666666667
0 79.0555
82.4068892282175 57.9740333333333
0 15.8111
65.4063913251497 73.7851333333333
0 79.0555
65.4063913251497 63.2444
0 79.0555
65.4063913251497 89.5962333333333
0 73.7851333333333
82.4068892282175 42.1629333333333
0 31.6222
82.4068892282175 68.5147666666667
0 89.5962333333333
65.4063913251497 36.8925666666667
0 42.1629333333333
82.4068892282175 84.3258666666667
0 131.759166666667
116.540940379522 89.5962333333333
0 68.5147666666667
65.4063913251497 36.8925666666667
0 31.6222
116.540940379522 73.7851333333333
0 68.5147666666667
82.4068892282175 73.7851333333333
0 0
82.4068892282175 47.4333
0 0
82.4068892282175 42.1629333333333
0 15.8111
82.4068892282175 47.4333
0 26.3518333333333
82.4068892282175 36.8925666666667
0 110.6777
82.4068892282175 52.7036666666667
0 105.407333333333
82.4068892282175 36.8925666666667
0 121.218433333333
82.4068892282175 57.9740333333333
0 94.8666
65.4063913251497 142.2999
0 105.407333333333
65.4063913251497 52.7036666666667
0 63.2444
82.4068892282175 137.029533333333
0 168.651733333333
220 26.3518333333333
0 126.4888
65.4063913251497 52.7036666666667
0 68.5147666666667
155.56349186104 184.462833333333
0 131.759166666667
155.56349186104 100.136966666667
0 42.1629333333333
155.56349186104 105.407333333333
0 73.7851333333333
220 195.003566666667
0 126.4888
138.591315488436 121.218433333333
0 63.2444
65.4063913251497 26.3518333333333
0 73.7851333333333
155.56349186104 110.6777
0 42.1629333333333
220 126.4888
0 31.6222
65.4063913251497 94.8666
0 63.2444
155.56349186104 163.381366666667
0 152.840633333333
65.4063913251497 94.8666
0 47.4333
82.4068892282175 105.407333333333
0 137.029533333333
220 242.436866666667
0 79.0555
220 105.407333333333
0 163.381366666667
65.4063913251497 47.4333
0 42.1629333333333
155.56349186104 105.407333333333
0 84.3258666666667
65.4063913251497 31.6222
0 57.9740333333333
155.56349186104 179.192466666667
0 137.029533333333
65.4063913251497 89.5962333333333
0 105.407333333333
82.4068892282175 110.6777
0 68.5147666666667
155.56349186104 89.5962333333333
0 68.5147666666667
82.4068892282175 10.5407333333333
0 47.4333
65.4063913251497 147.570266666667
0 68.5147666666667
155.56349186104 131.759166666667
0 36.8925666666667
65.4063913251497 105.407333333333
0 36.8925666666667
82.4068892282175 168.651733333333
0 36.8925666666667
82.4068892282175 142.2999
0 15.8111
65.4063913251497 100.136966666667
0 52.7036666666667
82.4068892282175 57.9740333333333
0 15.8111
65.4063913251497 68.5147666666667
0 79.0555
82.4068892282175 94.8666
0 52.7036666666667
110 110.6777
0 47.4333
97.9988589954373 26.3518333333333
0 63.2444
82.4068892282175 31.6222
0 131.759166666667
87.307057858251 63.2444
0 84.3258666666667
65.4063913251497 126.4888
0 137.029533333333
65.4063913251497 21.0814666666667
0 73.7851333333333
220 131.759166666667
0 158.111
65.4063913251497 31.6222
0 89.5962333333333
138.591315488436 242.436866666667
0 89.5962333333333
116.540940379522 100.136966666667
0 57.9740333333333
82.4068892282175 121.218433333333
0 121.218433333333
116.540940379522 184.462833333333
0 126.4888
65.4063913251497 100.136966666667
0 89.5962333333333
65.4063913251497 10.5407333333333
0 63.2444
138.591315488436 115.948066666667
0 147.570266666667
65.4063913251497 15.8111
0 89.5962333333333
220 226.625766666667
0 100.136966666667
116.540940379522 94.8666
0 47.4333
82.4068892282175 115.948066666667
0 79.0555
116.540940379522 142.2999
0 168.651733333333
65.4063913251497 105.407333333333
0 173.9221
116.540940379522 100.136966666667
0 68.5147666666667
65.4063913251497 84.3258666666667
0 57.9740333333333
82.4068892282175 115.948066666667
0 94.8666
116.540940379522 121.218433333333
0 42.1629333333333
65.4063913251497 94.8666
0 63.2444
220 284.5998
0 26.3518333333333
65.4063913251497 89.5962333333333
0 31.6222
82.4068892282175 121.218433333333
0 179.192466666667
116.540940379522 79.0555
0 89.5962333333333
82.4068892282175 121.218433333333
0 21.0814666666667
65.4063913251497 105.407333333333
0 110.6777
116.540940379522 105.407333333333
0 68.5147666666667
65.4063913251497 100.136966666667
0 42.1629333333333
82.4068892282175 110.6777
0 121.218433333333
82.4068892282175 89.5962333333333
0 26.3518333333333
65.4063913251497 79.0555
0 63.2444
82.4068892282175 26.3518333333333
0 21.0814666666667
220 89.5962333333333
0 21.0814666666667
138.591315488436 79.0555
0 15.8111
87.307057858251 89.5962333333333
0 68.5147666666667
82.4068892282175 73.7851333333333
0 79.0555
116.540940379522 52.7036666666667
0 26.3518333333333
82.4068892282175 79.0555
0 79.0555
65.4063913251497 173.9221
0 52.7036666666667
116.540940379522 147.570266666667
0 21.0814666666667
65.4063913251497 94.8666
0 47.4333
82.4068892282175 110.6777
0 89.5962333333333
116.540940379522 73.7851333333333
0 84.3258666666667
65.4063913251497 105.407333333333
0 52.7036666666667
82.4068892282175 15.8111
0 126.4888
65.4063913251497 68.5147666666667
0 79.0555
65.4063913251497 5.27036666666667
0 42.1629333333333
82.4068892282175 5.27036666666667
0 5.27036666666667
220 100.136966666667
0 36.8925666666667
65.4063913251497 68.5147666666667
0 89.5962333333333
116.540940379522 142.2999
0 15.8111
82.4068892282175 89.5962333333333
0 63.2444
65.4063913251497 205.5443
0 47.4333
116.540940379522 131.759166666667
0 26.3518333333333
65.4063913251497 79.0555
0 73.7851333333333
82.4068892282175 189.7332
0 10.5407333333333
116.540940379522 147.570266666667
0 10.5407333333333
65.4063913251497 137.029533333333
0 21.0814666666667
82.4068892282175 89.5962333333333
0 31.6222
116.540940379522 73.7851333333333
0 63.2444
65.4063913251497 84.3258666666667
0 68.5147666666667
82.4068892282175 126.4888
0 47.4333
87.307057858251 126.4888
0 5.27036666666667
82.4068892282175 84.3258666666667
0 73.7851333333333
65.4063913251497 89.5962333333333
0 68.5147666666667
65.4063913251497 36.8925666666667
0 52.7036666666667
116.540940379522 131.759166666667
0 10.5407333333333
65.4063913251497 84.3258666666667
0 68.5147666666667
82.4068892282175 110.6777
0 126.4888
65.4063913251497 79.0555
0 42.1629333333333
65.4063913251497 89.5962333333333
0 47.4333
82.4068892282175 73.7851333333333
0 63.2444
65.4063913251497 79.0555
0 21.0814666666667
82.4068892282175 68.5147666666667
0 10.5407333333333
82.4068892282175 10.5407333333333
0 57.9740333333333
82.4068892282175 73.7851333333333
0 42.1629333333333
82.4068892282175 57.9740333333333
0 100.136966666667
65.4063913251497 200.273933333333
0 57.9740333333333
65.4063913251497 94.8666
0 47.4333
82.4068892282175 216.085033333333
0 26.3518333333333
82.4068892282175 115.948066666667
0 36.8925666666667
65.4063913251497 63.2444
0 94.8666
65.4063913251497 26.3518333333333
0 47.4333
82.4068892282175 100.136966666667
0 216.085033333333
110 100.136966666667
0 31.6222
87.307057858251 131.759166666667
0 26.3518333333333
82.4068892282175 79.0555
0 79.0555
65.4063913251497 126.4888
0 147.570266666667
116.540940379522 158.111
0 5.27036666666667
65.4063913251497 94.8666
0 57.9740333333333
82.4068892282175 184.462833333333
0 36.8925666666667
65.4063913251497 79.0555
0 79.0555
65.4063913251497 5.27036666666667
0 89.5962333333333
82.4068892282175 73.7851333333333
0 68.5147666666667
65.4063913251497 79.0555
0 42.1629333333333
65.4063913251497 73.7851333333333
0 84.3258666666667
138.591315488436 126.4888
0 26.3518333333333
65.4063913251497 73.7851333333333
0 15.8111
116.540940379522 152.840633333333
0 10.5407333333333
65.4063913251497 94.8666
0 63.2444
65.4063913251497 36.8925666666667
0 31.6222
65.4063913251497 63.2444
0 15.8111
116.540940379522 152.840633333333
0 5.27036666666667
65.4063913251497 89.5962333333333
0 68.5147666666667
138.591315488436 168.651733333333
0 31.6222
116.540940379522 84.3258666666667
0 68.5147666666667
65.4063913251497 131.759166666667
0 15.8111
82.4068892282175 73.7851333333333
0 52.7036666666667
65.4063913251497 100.136966666667
0 31.6222
82.4068892282175 84.3258666666667
0 21.0814666666667
82.4068892282175 31.6222
0 47.4333
82.4068892282175 63.2444
0 89.5962333333333
82.4068892282175 68.5147666666667
0 84.3258666666667
65.4063913251497 173.9221
0 142.2999
103.826174394986 47.4333
0 57.9740333333333
65.4063913251497 121.218433333333
0 990.828933333333
65.4063913251497 73.7851333333333
0 79.0555
65.4063913251497 68.5147666666667
0 89.5962333333333
65.4063913251497 63.2444
0 94.8666
65.4063913251497 84.3258666666667
0 395.2775
65.4063913251497 73.7851333333333
0 84.3258666666667
65.4063913251497 57.9740333333333
0 94.8666
65.4063913251497 79.0555
0 79.0555
65.4063913251497 73.7851333333333
0 231.896133333333
65.4063913251497 89.5962333333333
0 711.4995
65.4063913251497 73.7851333333333
0 84.3258666666667
65.4063913251497 63.2444
0 84.3258666666667
65.4063913251497 63.2444
0 94.8666
65.4063913251497 63.2444
0 421.629333333333
65.4063913251497 63.2444
0 94.8666
65.4063913251497 63.2444
0 84.3258666666667
65.4063913251497 63.2444
0 94.8666
65.4063913251497 84.3258666666667
0 231.896133333333
65.4063913251497 73.7851333333333
0 727.3106
65.4063913251497 68.5147666666667
0 89.5962333333333
65.4063913251497 57.9740333333333
0 89.5962333333333
65.4063913251497 57.9740333333333
0 100.136966666667
65.4063913251497 57.9740333333333
0 416.358966666667
65.4063913251497 89.5962333333333
0 68.5147666666667
65.4063913251497 63.2444
0 94.8666
65.4063913251497 57.9740333333333
0 100.136966666667
65.4063913251497 79.0555
0 237.1665
65.4063913251497 68.5147666666667
0 732.580966666667
65.4063913251497 57.9740333333333
0 100.136966666667
65.4063913251497 68.5147666666667
0 79.0555
65.4063913251497 52.7036666666667
0 105.407333333333
65.4063913251497 79.0555
0 395.2775
65.4063913251497 73.7851333333333
0 84.3258666666667
65.4063913251497 63.2444
0 94.8666
65.4063913251497 52.7036666666667
0 105.407333333333
65.4063913251497 84.3258666666667
0 231.896133333333
65.4063913251497 73.7851333333333
0 716.769866666667
65.4063913251497 79.0555
0 79.0555
65.4063913251497 68.5147666666667
0 84.3258666666667
65.4063913251497 68.5147666666667
0 94.8666
65.4063913251497 68.5147666666667
0 416.358966666667
65.4063913251497 68.5147666666667
0 84.3258666666667
65.4063913251497 73.7851333333333
0 84.3258666666667
65.4063913251497 57.9740333333333
0 105.407333333333
65.4063913251497 79.0555
0 226.625766666667
65.4063913251497 73.7851333333333
0 727.3106
65.4063913251497 73.7851333333333
0 84.3258666666667
65.4063913251497 68.5147666666667
0 79.0555
65.4063913251497 68.5147666666667
0 89.5962333333333
65.4063913251497 79.0555
0 395.2775
65.4063913251497 73.7851333333333
0 84.3258666666667
65.4063913251497 57.9740333333333
0 94.8666
65.4063913251497 79.0555
0 84.3258666666667
65.4063913251497 79.0555
