0 27848.6174666667
440 1480.97303333333
0 63.2444
493.883301256124 495.414466666667
0 137.029533333333
523.251130601197 611.362533333333
0 21.0814666666667
493.883301256124 569.1996
0 63.2444
440 542.847766666667
0 89.5962333333333
493.883301256124 537.5774
0 94.8666
391.995435981749 853.7994
0 400.547866666667
329.62755691287 274.059066666667
0 10.5407333333333
369.994422711634 289.870166666667
0 42.1629333333333
391.995435981749 505.9552
0 137.029533333333
391.995435981749 1533.6767
0 1365.02496666667
440 10.5407333333333
0 195.003566666667
440 221.3554
0 126.4888
523.251130601197 421.629333333333
0 210.814666666667
523.251130601197 563.929233333333
0 57.9740333333333
493.883301256124 469.062633333333
0 15.8111
440 26.3518333333333
0 532.307033333333
493.883301256124 558.658866666667
0 73.7851333333333
391.995435981749 932.8549
0 321.492366666667
329.62755691287 263.518333333333
0 42.1629333333333
369.994422711634 300.4109
0 42.1629333333333
391.995435981749 484.873733333333
0 115.948066666667
440 474.333
0 121.218433333333
369.994422711634 31.6222
0 195.003566666667
391.995435981749 1412.45826666667
0 1122.5881
329.62755691287 289.870166666667
0 52.7036666666667
369.994422711634 284.5998
0 36.8925666666667
391.995435981749 511.225566666667
0 142.2999
440 1533.6767
0 2234.63546666667
329.62755691287 274.059066666667
0 57.9740333333333
369.994422711634 295.140533333333
0 63.2444
391.995435981749 453.251533333333
0 147.570266666667
466.16376151809 505.9552
0 121.218433333333
440 26.3518333333333
0 184.462833333333
440 479.603366666667
0 142.2999
466.16376151809 569.1996
0 84.3258666666667
493.883301256124 147.570266666667
0 147.570266666667
493.883301256124 711.4995
0 237.1665
493.883301256124 252.9776
0 57.9740333333333
440 321.492366666667
0 26.3518333333333
493.883301256124 474.333
0 137.029533333333
466.16376151809 848.529033333333
0 100.136966666667
493.883301256124 189.7332
0 115.948066666667
440 532.307033333333
0 115.948066666667
493.883301256124 437.440433333333
0 173.9221
493.883301256124 495.414466666667
0 10.5407333333333
440 737.851333333333
0 400.547866666667
391.995435981749 616.6329
0 569.1996
329.62755691287 1249.0769
0 1343.9435
329.62755691287 980.2882
0 1338.67313333333
493.883301256124 252.9776
0 94.8666
493.883301256124 195.003566666667
0 105.407333333333
493.883301256124 258.247966666667
0 52.7036666666667
440 200.273933333333
0 121.218433333333
440 495.414466666667
0 743.1217
493.883301256124 242.436866666667
0 105.407333333333
493.883301256124 216.085033333333
0 89.5962333333333
493.883301256124 226.625766666667
0 94.8666
440 173.9221
0 147.570266666667
440 521.7663
0 764.203166666667
523.251130601197 300.4109
0 36.8925666666667
493.883301256124 353.114566666667
0 63.2444
440 231.896133333333
0 100.136966666667
391.995435981749 247.707233333333
0 63.2444
523.251130601197 521.7663
0 110.6777
493.883301256124 548.118133333333
0 84.3258666666667
440 511.225566666667
0 115.948066666667
440 432.170066666667
0 100.136966666667
391.995435981749 284.5998
0 5.27036666666667
369.994422711634 115.948066666667
0 15.8111
329.62755691287 437.440433333333
0 363.6553
493.883301256124 226.625766666667
0 89.5962333333333
493.883301256124 205.5443
0 110.6777
493.883301256124 263.518333333333
0 10.5407333333333
440 179.192466666667
0 158.111
440 463.792266666667
0 806.3661
493.883301256124 195.003566666667
0 131.759166666667
493.883301256124 205.5443
0 126.4888
493.883301256124 242.436866666667
0 57.9740333333333
440 168.651733333333
0 147.570266666667
440 442.7108
0 837.9883
523.251130601197 289.870166666667
0 42.1629333333333
493.883301256124 231.896133333333
0 52.7036666666667
440 247.707233333333
0 79.0555
391.995435981749 305.681266666667
0 158.111
523.251130601197 490.1441
0 137.029533333333
493.883301256124 479.603366666667
0 147.570266666667
440 495.414466666667
0 147.570266666667
493.883301256124 400.547866666667
0 100.136966666667
391.995435981749 284.5998
0 21.0814666666667
369.994422711634 131.759166666667
0 10.5407333333333
329.62755691287 310.951633333333
0 1928.9542
440 1148.93993333333
0 94.8666
440 906.503066666667
0 47.4333
523.251130601197 774.7439
0 126.4888
493.883301256124 321.492366666667
0 21.0814666666667
440 585.0107
0 73.7851333333333
493.883301256124 505.9552
0 115.948066666667
391.995435981749 737.851333333333
0 500.684833333333
329.62755691287 300.4109
0 5.27036666666667
369.994422711634 268.7887
0 63.2444
391.995435981749 484.873733333333
0 147.570266666667
391.995435981749 1043.5326
0 210.814666666667
369.994422711634 490.1441
0 189.7332
523.251130601197 590.281066666667
0 36.8925666666667
440 73.7851333333333
0 137.029533333333
440 237.1665
0 100.136966666667
523.251130601197 537.5774
0 73.7851333333333
523.251130601197 864.340133333333
0 94.8666
493.883301256124 279.329433333333
0 31.6222
440 574.469966666667
0 73.7851333333333
493.883301256124 516.495933333333
0 110.6777
391.995435981749 31.6222
0 437.440433333333
329.62755691287 263.518333333333
0 47.4333
391.995435981749 542.847766666667
0 753.662433333333
329.62755691287 2308.4206
0 79.0555
329.62755691287 1628.5433
0 2134.4985
493.883301256124 226.625766666667
0 100.136966666667
493.883301256124 200.273933333333
0 110.6777
493.883301256124 231.896133333333
0 57.9740333333333
440 200.273933333333
0 126.4888
440 542.847766666667
0 711.4995
493.883301256124 221.3554
0 110.6777
493.883301256124 216.085033333333
0 105.407333333333
493.883301256124 231.896133333333
0 73.7851333333333
440 173.9221
0 152.840633333333
440 611.362533333333
0 669.336566666667
523.251130601197 289.870166666667
0 36.8925666666667
493.883301256124 216.085033333333
0 84.3258666666667
440 374.196033333333
0 115.948066666667
391.995435981749 242.436866666667
0 31.6222
466.16376151809 606.092166666667
0 57.9740333333333
493.883301256124 511.225566666667
0 84.3258666666667
440 553.3885
0 63.2444
493.883301256124 458.5219
0 84.3258666666667
391.995435981749 263.518333333333
0 10.5407333333333
369.994422711634 105.407333333333
0 10.5407333333333
329.62755691287 395.2775
0 442.7108
493.883301256124 226.625766666667
0 94.8666
493.883301256124 195.003566666667
0 100.136966666667
493.883301256124 226.625766666667
0 79.0555
440 216.085033333333
0 100.136966666667
440 458.5219
0 843.258666666667
493.883301256124 216.085033333333
0 100.136966666667
493.883301256124 216.085033333333
0 100.136966666667
493.883301256124 210.814666666667
0 73.7851333333333
440 200.273933333333
0 126.4888
440 569.1996
0 231.896133333333
391.995435981749 295.140533333333
0 195.003566666667
523.251130601197 295.140533333333
0 36.8925666666667
493.883301256124 231.896133333333
0 52.7036666666667
440 426.8997
0 73.7851333333333
391.995435981749 226.625766666667
0 89.5962333333333
466.16376151809 558.658866666667
0 47.4333
493.883301256124 274.059066666667
0 252.9776
440 537.5774
0 126.4888
493.883301256124 474.333
0 173.9221
391.995435981749 321.492366666667
0 532.307033333333
391.995435981749 400.547866666667
0 2160.85033333333
391.995435981749 284.5998
0 10762.0887333333
391.995435981749 79.0555
0 94.8666
391.995435981749 184.462833333333
0 105.407333333333
329.62755691287 89.5962333333333
0 73.7851333333333
329.62755691287 221.3554
0 100.136966666667
466.16376151809 1544.21743333333
0 47.4333
493.883301256124 152.840633333333
0 115.948066666667
440 242.436866666667
0 79.0555
440 722.040233333333
0 542.847766666667
440 537.5774
0 94.8666
493.883301256124 511.225566666667
0 121.218433333333
440 790.555
0 432.170066666667
440 621.903266666667
0 26.3518333333333
493.883301256124 474.333
0 115.948066666667
440 447.981166666667
0 94.8666
440 131.759166666667
0 674.606933333333
440 558.658866666667
0 36.8925666666667
493.883301256124 574.469966666667
0 47.4333
493.883301256124 268.7887
0 31.6222
466.16376151809 1544.21743333333
0 89.5962333333333
493.883301256124 258.247966666667
0 57.9740333333333
440 237.1665
0 94.8666
440 737.851333333333
0 484.873733333333
440 553.3885
0 89.5962333333333
440 558.658866666667
0 110.6777
440 822.1772
0 384.736766666667
440 806.3661
0 131.759166666667
493.883301256124 274.059066666667
0 79.0555
440 2292.6095
0 205.5443
391.995435981749 205.5443
0 2471.80196666667
391.995435981749 310.951633333333
0 10.5407333333333
369.994422711634 126.4888
0 2450.7205
440 158.111
0 89.5962333333333
493.883301256124 84.3258666666667
0 84.3258666666667
493.883301256124 184.462833333333
0 94.8666
440 79.0555
0 73.7851333333333
440 68.5147666666667
0 100.136966666667
440 168.651733333333
0 1275.42873333333
440 131.759166666667
0 142.2999
493.883301256124 84.3258666666667
0 89.5962333333333
493.883301256124 152.840633333333
0 94.8666
440 89.5962333333333
0 94.8666
440 94.8666
0 94.8666
440 173.9221
0 326.762733333333
440 221.3554
0 110.6777
391.995435981749 137.029533333333
0 47.4333
493.883301256124 2535.04636666667
0 3894.80096666667
440 1227.99543333333
0 89.5962333333333
440 1201.6436
0 63.2444
440 1238.53616666667
0 57.9740333333333
493.883301256124 1428.26936666667
0 26.3518333333333
493.883301256124 147.570266666667
0 105.407333333333
493.883301256124 221.3554
0 84.3258666666667
440 173.9221
0 110.6777
391.995435981749 516.495933333333
0 590.281066666667
440 189.7332
0 36.8925666666667
391.995435981749 47.4333
0 68.5147666666667
493.883301256124 200.273933333333
0 94.8666
493.883301256124 231.896133333333
0 84.3258666666667
440 184.462833333333
0 147.570266666667
440 147.570266666667
0 516.495933333333
466.16376151809 274.059066666667
0 68.5147666666667
493.883301256124 216.085033333333
0 89.5962333333333
440 405.818233333333
0 374.196033333333
466.16376151809 590.281066666667
0 73.7851333333333
493.883301256124 511.225566666667
0 89.5962333333333
440 563.929233333333
0 84.3258666666667
391.995435981749 15.8111
0 268.7887
493.883301256124 216.085033333333
0 94.8666
493.883301256124 205.5443
0 105.407333333333
493.883301256124 268.7887
0 31.6222
440 147.570266666667
0 163.381366666667
440 426.8997
0 864.340133333333
493.883301256124 216.085033333333
0 115.948066666667
493.883301256124 205.5443
0 115.948066666667
493.883301256124 221.3554
0 79.0555
440 173.9221
0 152.840633333333
440 527.036666666667
0 758.9328
523.251130601197 237.1665
0 73.7851333333333
493.883301256124 226.625766666667
0 68.5147666666667
440 384.736766666667
0 390.007133333333
466.16376151809 569.1996
0 73.7851333333333
493.883301256124 563.929233333333
0 73.7851333333333
440 532.307033333333
0 100.136966666667
493.883301256124 527.036666666667
0 79.0555
466.16376151809 1307.05093333333
0 11405.0734666667
440 1164.75103333333
0 94.8666
466.16376151809 1191.10286666667
0 84.3258666666667
493.883301256124 9117.73433333333
