0 3999.999
1174.65907166963 666.6665
0 0
987.766602512248 666.6665
0 0
880 2666.666
0 0
1174.65907166963 666.6665
0 0
987.766602512248 666.6665
0 0
880 2666.666
0 0
1174.65907166963 666.6665
0 0
987.766602512248 666.6665
0 0
880 1333.333
0 0
987.766602512248 1333.333
0 0
880 3999.999
0 0
739.988845423269 1333.333
0 0
698.456462866008 1333.333
0 0
739.988845423269 1333.333
0 0
987.766602512248 666.6665
0 0
1108.73052390749 666.6665
0 0
1174.65907166963 2666.666
0 0
1174.65907166963 1333.333
0 0
1174.65907166963 1333.333
0 0
1174.65907166963 1333.333
0 0
1108.73052390749 666.6665
0 0
987.766602512248 666.6665
0 0
880 2666.666
0 0
1174.65907166963 666.6665
0 0
987.766602512248 666.6665
0 0
880 2666.666
0 0
1174.65907166963 666.6665
0 0
987.766602512248 666.6665
0 0
880 2666.666
0 0
1174.65907166963 666.6665
0 0
987.766602512248 666.6665
0 0
880 1333.333
0 0
987.766602512248 1333.333
0 0
880 3999.999
0 0
739.988845423269 1333.333
0 0
698.456462866008 1333.333
0 0
739.988845423269 1333.333
0 0
987.766602512248 666.6665
0 0
1108.73052390749 666.6665
0 0
1174.65907166963 2666.666
0 0
1174.65907166963 1333.333
0 0
1174.65907166963 1333.333
0 0
1318.51022765148 1333.333
0 0
1174.65907166963 3999.999
