0 5.861689453125
110 296.015317382813
0 18.1712373046875
164.813778456435 279.602586914063
0 18.1712373046875
110 277.844080078125
0 18.1712373046875
164.813778456435 280.774924804687
0 18.1712373046875
110 280.774924804687
0 18.1712373046875
155.56349186104 277.844080078125
0 613.718885742187
110 299.532331054688
0 18.1712373046875
146.832383958704 279.602586914063
0 18.1712373046875
110 277.844080078125
0 18.1712373046875
146.832383958704 280.774924804687
0 18.1712373046875
110 280.774924804687
0 18.1712373046875
174.614115716502 277.844080078125
0 613.718885742187
110 299.532331054688
0 18.1712373046875
164.813778456435 279.602586914063
0 18.1712373046875
110 277.844080078125
0 18.1712373046875
164.813778456435 280.774924804687
0 18.1712373046875
110 280.774924804687
0 18.1712373046875
155.56349186104 144.783729492187
0 0.5861689453125
587.329535834815 132.474181640625
0 18.1712373046875
554.365261953744 592.616803710937
0 2.9308447265625
110 299.532331054688
0 18.1712373046875
146.832383958704 279.602586914063
0 18.1712373046875
110 277.844080078125
0 18.1712373046875
146.832383958704 280.774924804687
0 18.1712373046875
110 280.774924804687
0 18.1712373046875
174.614115716502 277.844080078125
0 18.1712373046875
415.304697579945 277.844080078125
0 18.1712373046875
440 279.01641796875
0 20.5159130859375
110 299.532331054688
0 18.1712373046875
329.62755691287 133.64651953125
0 18.1712373046875
110 277.844080078125
0 18.1712373046875
164.813778456435 280.774924804687
0 18.1712373046875
110 280.774924804687
0 18.1712373046875
155.56349186104 277.844080078125
0 18.1712373046875
554.365261953744 277.844080078125
0 18.1712373046875
493.883301256124 279.01641796875
0 20.5159130859375
110 299.532331054688
0 18.1712373046875
146.832383958704 279.602586914063
0 18.1712373046875
110 277.844080078125
0 18.1712373046875
146.832383958704 280.774924804687
0 18.1712373046875
82.4068892282175 153.576263671875
0 0.5861689453125
82.4068892282175 144.197560546875
0 0.5861689453125
82.4068892282175 144.783729492187
0 0.5861689453125
82.4068892282175 150.05925
0 0.5861689453125
92.4986056779086 8.206365234375
0 137.163533203125
123.470825314031 8.206365234375
0 291.325965820312
110 299.532331054688
0 18.1712373046875
164.813778456435 279.602586914063
0 18.1712373046875
110 277.844080078125
0 18.1712373046875
164.813778456435 280.774924804687
0 18.1712373046875
110 280.774924804687
0 18.1712373046875
155.56349186104 144.783729492187
0 0.5861689453125
587.329535834815 132.474181640625
0 18.1712373046875
554.365261953744 592.616803710937
0 2.9308447265625
110 299.532331054688
0 18.1712373046875
146.832383958704 279.602586914063
0 18.1712373046875
110 277.844080078125
0 18.1712373046875
146.832383958704 280.774924804687
0 18.1712373046875
110 280.774924804687
0 18.1712373046875
174.614115716502 277.844080078125
0 18.1712373046875
415.304697579945 277.844080078125
0 18.1712373046875
440 279.01641796875
0 20.5159130859375
110 299.532331054688
0 18.1712373046875
164.813778456435 279.602586914063
0 18.1712373046875
110 277.844080078125
0 18.1712373046875
164.813778456435 280.774924804687
0 18.1712373046875
110 280.774924804687
0 18.1712373046875
155.56349186104 277.844080078125
0 18.1712373046875
554.365261953744 277.844080078125
0 18.1712373046875
493.883301256124 279.01641796875
0 20.5159130859375
164.813778456435 17.585068359375
0 280.188755859375
110 17.585068359375
0 278.430249023438
164.813778456435 17.585068359375
0 281.36109375
103.826174394986 17.585068359375
0 281.36109375
138.591315488436 17.585068359375
0 278.430249023438
103.826174394986 17.585068359375
0 278.430249023438
138.591315488436 17.585068359375
0 281.947262695312
92.4986056779086 15.240392578125
0 302.46317578125
92.4986056779086 297.187655273437
0 0.5861689453125
369.994422711634 17.585068359375
0 577.376411132812
103.826174394986 280.774924804687
0 18.1712373046875
103.826174394986 277.844080078125
0 18.1712373046875
369.994422711634 17.585068359375
0 278.430249023438
554.365261953744 296.601486328125
0 2.9308447265625
116.540940379522 299.532331054688
0 18.1712373046875
369.994422711634 17.585068359375
0 278.430249023438
830.60939515989 298.359993164062
0 0.5861689453125
123.470825314031 280.774924804687
0 18.1712373046875
138.591315488436 17.585068359375
0 278.430249023438
155.56349186104 277.844080078125
0 18.1712373046875
184.997211355817 279.01641796875
0 20.5159130859375
92.4986056779086 317.117399414063
0 0.5861689453125
92.4986056779086 279.602586914063
0 18.1712373046875
369.994422711634 594.375310546875
0 0.5861689453125
103.826174394986 280.774924804687
0 18.1712373046875
103.826174394986 277.844080078125
0 18.1712373046875
369.994422711634 17.585068359375
0 278.430249023438
493.883301256124 279.01641796875
0 20.5159130859375
116.540940379522 299.532331054688
0 18.1712373046875
369.994422711634 17.585068359375
0 577.376411132812
123.470825314031 280.774924804687
0 18.1712373046875
138.591315488436 277.844080078125
0 18.1712373046875
155.56349186104 277.844080078125
0 18.1712373046875
184.997211355817 279.01641796875
0 20.5159130859375
92.4986056779086 317.117399414063
0 0.5861689453125
92.4986056779086 279.602586914063
0 18.1712373046875
369.994422711634 594.375310546875
0 0.5861689453125
103.826174394986 280.774924804687
0 18.1712373046875
103.826174394986 277.844080078125
0 18.1712373046875
369.994422711634 17.585068359375
0 278.430249023438
554.365261953744 296.601486328125
0 2.9308447265625
116.540940379522 299.532331054688
0 18.1712373046875
369.994422711634 17.585068359375
0 278.430249023438
830.60939515989 298.359993164062
0 0.5861689453125
116.540940379522 298.359993164062
0 0.5861689453125
116.540940379522 17.585068359375
0 278.430249023438
369.994422711634 17.585068359375
0 278.430249023438
739.988845423269 296.601486328125
0 2.9308447265625
123.470825314031 317.117399414063
0 0.5861689453125
123.470825314031 297.187655273437
0 0.5861689453125
369.994422711634 17.585068359375
0 278.430249023438
659.25511382574 298.359993164062
0 0.5861689453125
82.4068892282175 298.359993164062
0 0.5861689453125
82.4068892282175 295.4291484375
0 0.5861689453125
329.62755691287 17.585068359375
0 278.430249023438
554.365261953744 296.601486328125
0 2.9308447265625
110 299.532331054688
0 18.1712373046875
164.813778456435 136.577364257812
0 9.378703125
440 133.64651953125
0 18.1712373046875
110 277.844080078125
0 18.1712373046875
164.813778456435 280.774924804687
0 18.1712373046875
110 144.783729492187
0 9.378703125
587.329535834815 126.6124921875
0 18.1712373046875
155.56349186104 144.783729492187
0 0.5861689453125
880 132.474181640625
0 18.1712373046875
880 141.266715820313
0 9.378703125
440 135.9911953125
0 9.378703125
587.329535834815 135.9911953125
0 9.378703125
880 151.231587890625
0 2.9308447265625
110 171.16133203125
0 0.5861689453125
880 127.784830078125
0 18.1712373046875
146.832383958704 136.577364257812
0 9.378703125
587.329535834815 133.64651953125
0 18.1712373046875
110 150.645418945313
0 0.5861689453125
880 126.6124921875
0 18.1712373046875
146.832383958704 135.9911953125
0 9.378703125
440 135.405026367188
0 18.1712373046875
110 144.783729492187
0 9.378703125
880 126.6124921875
0 18.1712373046875
174.614115716502 144.783729492187
0 0.5861689453125
880 132.474181640625
0 613.718885742187
110 299.532331054688
0 18.1712373046875
164.813778456435 279.602586914063
0 18.1712373046875
110 277.844080078125
0 18.1712373046875
164.813778456435 280.774924804687
0 18.1712373046875
110 280.774924804687
0 18.1712373046875
155.56349186104 277.844080078125
0 18.1712373046875
554.365261953744 592.616803710937
0 2.9308447265625
110 299.532331054688
0 18.1712373046875
440 133.64651953125
0 18.1712373046875
110 277.844080078125
0 18.1712373046875
146.832383958704 280.774924804687
0 18.1712373046875
110 280.774924804687
0 18.1712373046875
174.614115716502 277.844080078125
0 18.1712373046875
415.304697579945 277.844080078125
0 18.1712373046875
440 279.01641796875
0 20.5159130859375
110 299.532331054688
0 18.1712373046875
164.813778456435 279.602586914063
0 18.1712373046875
110 277.844080078125
0 18.1712373046875
164.813778456435 280.774924804687
0 18.1712373046875
110 280.774924804687
0 18.1712373046875
155.56349186104 277.844080078125
0 18.1712373046875
554.365261953744 277.844080078125
0 18.1712373046875
493.883301256124 279.01641796875
0 20.5159130859375
110 299.532331054688
0 18.1712373046875
146.832383958704 279.602586914063
0 18.1712373046875
110 277.844080078125
0 18.1712373046875
146.832383958704 280.774924804687
0 18.1712373046875
82.4068892282175 153.576263671875
0 0.5861689453125
82.4068892282175 144.197560546875
0 0.5861689453125
82.4068892282175 144.783729492187
0 0.5861689453125
82.4068892282175 150.05925
0 0.5861689453125
92.4986056779086 8.206365234375
0 137.163533203125
123.470825314031 8.206365234375
0 291.325965820312
110 299.532331054688
0 18.1712373046875
164.813778456435 279.602586914063
0 18.1712373046875
110 277.844080078125
0 18.1712373046875
164.813778456435 280.774924804687
0 18.1712373046875
110 280.774924804687
0 18.1712373046875
155.56349186104 144.783729492187
0 0.5861689453125
587.329535834815 132.474181640625
0 18.1712373046875
554.365261953744 592.616803710937
0 2.9308447265625
110 299.532331054688
0 18.1712373046875
146.832383958704 279.602586914063
0 18.1712373046875
110 277.844080078125
0 18.1712373046875
146.832383958704 280.774924804687
0 18.1712373046875
110 280.774924804687
0 18.1712373046875
174.614115716502 144.783729492187
0 0.5861689453125
440 132.474181640625
0 18.1712373046875
415.304697579945 277.844080078125
0 18.1712373046875
440 279.01641796875
0 20.5159130859375
110 299.532331054688
0 18.1712373046875
164.813778456435 279.602586914063
0 18.1712373046875
110 277.844080078125
0 18.1712373046875
164.813778456435 280.774924804687
0 18.1712373046875
110 280.774924804687
0 18.1712373046875
155.56349186104 144.783729492187
0 0.5861689453125
587.329535834815 132.474181640625
0 18.1712373046875
554.365261953744 277.844080078125
0 18.1712373046875
493.883301256124 279.01641796875
0 20.5159130859375
164.813778456435 17.585068359375
0 280.188755859375
110 17.585068359375
0 278.430249023438
164.813778456435 17.585068359375
0 281.36109375
103.826174394986 17.585068359375
0 281.36109375
138.591315488436 17.585068359375
0 278.430249023438
103.826174394986 17.585068359375
0 278.430249023438
138.591315488436 17.585068359375
0 281.947262695312
92.4986056779086 15.240392578125
0 302.46317578125
92.4986056779086 297.187655273437
0 0.5861689453125
369.994422711634 17.585068359375
0 577.376411132812
103.826174394986 280.774924804687
0 18.1712373046875
103.826174394986 277.844080078125
0 18.1712373046875
369.994422711634 17.585068359375
0 278.430249023438
554.365261953744 296.601486328125
0 2.9308447265625
116.540940379522 299.532331054688
0 18.1712373046875
369.994422711634 17.585068359375
0 278.430249023438
830.60939515989 298.359993164062
0 0.5861689453125
123.470825314031 280.774924804687
0 18.1712373046875
138.591315488436 17.585068359375
0 278.430249023438
155.56349186104 277.844080078125
0 18.1712373046875
184.997211355817 279.01641796875
0 20.5159130859375
92.4986056779086 317.117399414063
0 0.5861689453125
92.4986056779086 279.602586914063
0 18.1712373046875
369.994422711634 594.375310546875
0 0.5861689453125
103.826174394986 280.774924804687
0 18.1712373046875
103.826174394986 295.4291484375
0 0.5861689453125
369.994422711634 17.585068359375
0 278.430249023438
622.253967444162 279.01641796875
0 20.5159130859375
116.540940379522 317.117399414063
0 0.5861689453125
369.994422711634 17.585068359375
0 577.376411132812
123.470825314031 280.774924804687
0 18.1712373046875
138.591315488436 277.844080078125
0 18.1712373046875
155.56349186104 277.844080078125
0 18.1712373046875
184.997211355817 279.01641796875
0 20.5159130859375
92.4986056779086 317.117399414063
0 0.5861689453125
92.4986056779086 279.602586914063
0 18.1712373046875
369.994422711634 594.375310546875
0 0.5861689453125
103.826174394986 280.774924804687
0 18.1712373046875
103.826174394986 277.844080078125
0 18.1712373046875
369.994422711634 17.585068359375
0 278.430249023438
554.365261953744 296.601486328125
0 2.9308447265625
116.540940379522 299.532331054688
0 18.1712373046875
369.994422711634 17.585068359375
0 278.430249023438
830.60939515989 298.359993164062
0 0.5861689453125
116.540940379522 298.359993164062
0 0.5861689453125
116.540940379522 17.585068359375
0 278.430249023438
369.994422711634 17.585068359375
0 278.430249023438
739.988845423269 296.601486328125
0 2.9308447265625
123.470825314031 317.117399414063
0 0.5861689453125
123.470825314031 297.187655273437
0 0.5861689453125
369.994422711634 17.585068359375
0 278.430249023438
659.25511382574 298.359993164062
0 0.5861689453125
82.4068892282175 298.359993164062
0 0.5861689453125
82.4068892282175 295.4291484375
0 0.5861689453125
329.62755691287 17.585068359375
0 278.430249023438
554.365261953744 296.601486328125
0 2.9308447265625
110 299.532331054688
0 18.1712373046875
164.813778456435 136.577364257812
0 9.378703125
440 133.64651953125
0 18.1712373046875
110 277.844080078125
0 18.1712373046875
164.813778456435 280.774924804687
0 18.1712373046875
110 280.774924804687
0 18.1712373046875
155.56349186104 277.844080078125
0 613.718885742187
110 299.532331054688
0 18.1712373046875
146.832383958704 279.602586914063
0 18.1712373046875
110 277.844080078125
0 18.1712373046875
146.832383958704 280.774924804687
0 18.1712373046875
110 280.774924804687
0 18.1712373046875
174.614115716502 277.844080078125
0 613.718885742187
110 299.532331054688
0 18.1712373046875
164.813778456435 279.602586914063
0 18.1712373046875
110 277.844080078125
0 18.1712373046875
164.813778456435 280.774924804687
0 18.1712373046875
110 280.774924804687
0 18.1712373046875
155.56349186104 144.783729492187
0 0.5861689453125
587.329535834815 132.474181640625
0 18.1712373046875
554.365261953744 592.616803710937
0 320.634413085938
440 279.602586914063
0 314.1865546875
440 135.9911953125
0 9.378703125
329.62755691287 144.197560546875
0 9.378703125
493.883301256124 280.774924804687
0 18.1712373046875
440 277.844080078125
0 18.1712373046875
415.304697579945 277.844080078125
0 18.1712373046875
440 279.01641796875
0 20.5159130859375
110 299.532331054688
0 18.1712373046875
164.813778456435 279.602586914063
0 18.1712373046875
110 277.844080078125
0 18.1712373046875
164.813778456435 280.774924804687
0 18.1712373046875
110 280.774924804687
0 18.1712373046875
155.56349186104 277.844080078125
0 314.1865546875
554.365261953744 135.9911953125
0 9.378703125
493.883301256124 142.439053710937
0 11.72337890625
110 299.532331054688
0 18.1712373046875
146.832383958704 279.602586914063
0 18.1712373046875
110 277.844080078125
0 18.1712373046875
146.832383958704 280.774924804687
0 18.1712373046875
82.4068892282175 153.576263671875
0 0.5861689453125
82.4068892282175 144.197560546875
0 0.5861689453125
82.4068892282175 144.783729492187
0 0.5861689453125
82.4068892282175 150.05925
0 0.5861689453125
92.4986056779086 8.206365234375
0 137.163533203125
123.470825314031 8.206365234375
0 291.325965820312
110 299.532331054688
0 18.1712373046875
164.813778456435 279.602586914063
0 18.1712373046875
110 277.844080078125
0 18.1712373046875
164.813778456435 280.774924804687
0 18.1712373046875
110 280.774924804687
0 18.1712373046875
155.56349186104 144.783729492187
0 0.5861689453125
587.329535834815 132.474181640625
0 18.1712373046875
554.365261953744 592.616803710937
0 2.9308447265625
110 299.532331054688
0 18.1712373046875
146.832383958704 279.602586914063
0 18.1712373046875
110 277.844080078125
0 18.1712373046875
146.832383958704 280.774924804687
0 18.1712373046875
110 280.774924804687
0 18.1712373046875
174.614115716502 144.783729492187
0 0.5861689453125
440 132.474181640625
0 18.1712373046875
415.304697579945 277.844080078125
0 18.1712373046875
440 279.01641796875
0 20.5159130859375
110 299.532331054688
0 18.1712373046875
164.813778456435 279.602586914063
0 18.1712373046875
110 277.844080078125
0 18.1712373046875
164.813778456435 280.774924804687
0 18.1712373046875
110 280.774924804687
0 18.1712373046875
155.56349186104 277.844080078125
0 18.1712373046875
554.365261953744 277.844080078125
0 18.1712373046875
493.883301256124 279.01641796875
0 20.5159130859375
164.813778456435 17.585068359375
0 280.188755859375
110 17.585068359375
0 278.430249023438
164.813778456435 17.585068359375
0 281.36109375
103.826174394986 17.585068359375
0 281.36109375
138.591315488436 17.585068359375
0 278.430249023438
103.826174394986 17.585068359375
0 278.430249023438
138.591315488436 17.585068359375
0 281.947262695312
92.4986056779086 15.240392578125
0 302.46317578125
92.4986056779086 297.187655273437
0 0.5861689453125
369.994422711634 17.585068359375
0 577.376411132812
103.826174394986 280.774924804687
0 18.1712373046875
103.826174394986 277.844080078125
0 18.1712373046875
369.994422711634 17.585068359375
0 278.430249023438
554.365261953744 296.601486328125
0 2.9308447265625
116.540940379522 299.532331054688
0 18.1712373046875
369.994422711634 17.585068359375
0 278.430249023438
830.60939515989 298.359993164062
0 0.5861689453125
123.470825314031 280.774924804687
0 18.1712373046875
138.591315488436 17.585068359375
0 278.430249023438
155.56349186104 277.844080078125
0 18.1712373046875
184.997211355817 279.01641796875
0 20.5159130859375
92.4986056779086 317.117399414063
0 0.5861689453125
92.4986056779086 279.602586914063
0 18.1712373046875
369.994422711634 594.375310546875
0 0.5861689453125
103.826174394986 280.774924804687
0 18.1712373046875
103.826174394986 295.4291484375
0 0.5861689453125
369.994422711634 17.585068359375
0 278.430249023438
622.253967444162 279.01641796875
0 20.5159130859375
116.540940379522 317.117399414063
0 0.5861689453125
369.994422711634 17.585068359375
0 577.376411132812
123.470825314031 280.774924804687
0 18.1712373046875
138.591315488436 277.844080078125
0 18.1712373046875
155.56349186104 277.844080078125
0 18.1712373046875
184.997211355817 279.01641796875
0 20.5159130859375
92.4986056779086 317.117399414063
0 0.5861689453125
92.4986056779086 279.602586914063
0 18.1712373046875
369.994422711634 594.375310546875
0 0.5861689453125
103.826174394986 280.774924804687
0 18.1712373046875
103.826174394986 277.844080078125
0 18.1712373046875
369.994422711634 17.585068359375
0 278.430249023438
554.365261953744 296.601486328125
0 2.9308447265625
116.540940379522 299.532331054688
0 18.1712373046875
369.994422711634 17.585068359375
0 278.430249023438
830.60939515989 298.359993164062
0 0.5861689453125
116.540940379522 298.359993164062
0 0.5861689453125
116.540940379522 17.585068359375
0 278.430249023438
369.994422711634 17.585068359375
0 278.430249023438
739.988845423269 296.601486328125
0 2.9308447265625
123.470825314031 317.117399414063
0 0.5861689453125
123.470825314031 297.187655273437
0 0.5861689453125
369.994422711634 17.585068359375
0 278.430249023438
659.25511382574 298.359993164062
0 0.5861689453125
82.4068892282175 298.359993164062
0 0.5861689453125
82.4068892282175 295.4291484375
0 0.5861689453125
329.62755691287 17.585068359375
0 278.430249023438
554.365261953744 296.601486328125
0 2.9308447265625
110 299.532331054688
0 18.1712373046875
493.883301256124 136.577364257812
0 9.378703125
440 151.231587890625
0 0.5861689453125
329.62755691287 594.375310546875
0 0.5861689453125
92.4986056779086 594.375310546875
0 0.5861689453125
739.988845423269 296.601486328125
0 2.9308447265625
123.470825314031 317.117399414063
0 0.5861689453125
123.470825314031 297.187655273437
0 0.5861689453125
369.994422711634 17.585068359375
0 278.430249023438
659.25511382574 298.359993164062
0 0.5861689453125
82.4068892282175 298.359993164062
0 0.5861689453125
82.4068892282175 295.4291484375
0 0.5861689453125
329.62755691287 17.585068359375
0 278.430249023438
554.365261953744 296.601486328125
0 2.9308447265625
110 299.532331054688
0 18.1712373046875
493.883301256124 136.577364257812
0 9.378703125
440 151.231587890625
0 0.5861689453125
329.62755691287 594.375310546875
0 0.5861689453125
92.4986056779086 594.375310546875
0 0.5861689453125
739.988845423269 296.601486328125
0 2.9308447265625
123.470825314031 317.117399414063
0 0.5861689453125
123.470825314031 297.187655273437
0 0.5861689453125
369.994422711634 17.585068359375
0 278.430249023438
659.25511382574 298.359993164062
0 0.5861689453125
82.4068892282175 298.359993164062
0 0.5861689453125
82.4068892282175 277.844080078125
0 18.1712373046875
329.62755691287 277.844080078125
0 18.1712373046875
220 2697.54948632813
