0 22125
277.182630976872 125
0 0
369.994422711634 125
0 0
415.304697579945 125
0 0
440 245.833333333333
0 129.166666666667
277.182630976872 125
0 0
369.994422711634 125
0 0
415.304697579945 125
0 0
440 754.166666666667
0 120.833333333333
293.664767917408 125
0 0
369.994422711634 125
0 0
415.304697579945 125
0 0
440 250
0 125
293.664767917408 125
0 0
369.994422711634 125
0 0
415.304697579945 125
0 0
440 754.166666666667
0 120.833333333333
246.941650628062 125
0 0
329.62755691287 125
0 0
369.994422711634 125
0 0
415.304697579945 250
0 125
246.941650628062 125
0 0
329.62755691287 125
0 0
369.994422711634 125
0 0
415.304697579945 754.166666666667
0 120.833333333333
440 125
0 0
493.883301256124 125
0 0
440 125
0 0
415.304697579945 1500
0 32000
440 125
0 0
415.304697579945 125
0 0
440 1000
0 0
369.994422711634 125
0 0
415.304697579945 125
0 0
440 125
0 0
493.883301256124 125
0 0
440 125
0 0
415.304697579945 125
0 0
440 125
0 0
415.304697579945 125
0 0
440 1750
0 0
415.304697579945 125
0 0
369.994422711634 125
0 0
415.304697579945 1000
0 0
329.62755691287 125
0 0
369.994422711634 125
0 0
415.304697579945 125
0 0
440 125
0 0
415.304697579945 125
0 0
369.994422711634 125
0 0
415.304697579945 125
0 0
369.994422711634 125
0 0
349.228231433004 1750
0 0
440 125
0 0
415.304697579945 125
0 0
440 1000
0 0
369.994422711634 125
0 0
415.304697579945 125
0 0
440 125
0 0
493.883301256124 125
0 0
440 125
0 0
415.304697579945 125
0 0
440 125
0 0
415.304697579945 125
0 0
440 1750
0 0
493.883301256124 125
0 0
440 125
0 0
493.883301256124 1000
0 0
415.304697579945 125
0 0
440 125
0 0
493.883301256124 125
0 0
554.365261953744 125
0 0
587.329535834815 125
0 0
659.25511382574 125
0 0
554.365261953744 125
0 0
493.883301256124 125
0 0
554.365261953744 1750
0 16125
277.182630976872 125
0 0
369.994422711634 125
0 0
415.304697579945 125
0 0
440 245.833333333333
0 129.166666666667
277.182630976872 125
0 0
369.994422711634 125
0 0
415.304697579945 125
0 0
440 754.166666666667
0 120.833333333333
293.664767917408 125
0 0
369.994422711634 125
0 0
415.304697579945 125
0 0
440 250
0 125
293.664767917408 125
0 0
369.994422711634 125
0 0
415.304697579945 125
0 0
440 754.166666666667
0 120.833333333333
246.941650628062 125
0 0
329.62755691287 125
0 0
369.994422711634 125
0 0
415.304697579945 250
0 125
246.941650628062 125
0 0
329.62755691287 125
0 0
369.994422711634 125
0 0
415.304697579945 754.166666666667
0 120.833333333333
440 125
0 0
493.883301256124 125
0 0
440 125
0 0
415.304697579945 1500
0 32000
440 125
0 0
415.304697579945 125
0 0
440 1000
0 0
369.994422711634 125
0 0
415.304697579945 125
0 0
440 125
0 0
493.883301256124 125
0 0
440 125
0 0
415.304697579945 125
0 0
440 125
0 0
415.304697579945 125
0 0
440 1750
0 0
415.304697579945 125
0 0
369.994422711634 125
0 0
415.304697579945 1000
0 0
329.62755691287 125
0 0
369.994422711634 125
0 0
415.304697579945 125
0 0
440 125
0 0
415.304697579945 125
0 0
369.994422711634 125
0 0
415.304697579945 125
0 0
369.994422711634 125
0 0
349.228231433004 1750
0 0
440 125
0 0
415.304697579945 125
0 0
440 1000
0 0
369.994422711634 125
0 0
415.304697579945 125
0 0
440 125
0 0
493.883301256124 125
0 0
440 125
0 0
415.304697579945 125
0 0
440 125
0 0
415.304697579945 125
0 0
440 1750
0 0
493.883301256124 125
0 0
440 125
0 0
493.883301256124 1000
0 0
415.304697579945 125
0 0
440 125
0 0
493.883301256124 125
0 0
554.365261953744 125
0 0
587.329535834815 125
0 0
659.25511382574 125
0 0
554.365261953744 125
0 0
493.883301256124 125
0 0
554.365261953744 1750
