0 59130.488
987.766602512248 108.69575
0 0
783.990871963498 108.69575
0 0
659.25511382574 108.69575
0 0
783.990871963498 108.69575
0 0
987.766602512248 108.69575
0 0
783.990871963498 108.69575
0 0
659.25511382574 108.69575
0 0
783.990871963498 108.69575
0 0
987.766602512248 108.69575
0 0
783.990871963498 108.69575
0 0
659.25511382574 108.69575
0 0
783.990871963498 108.69575
0 0
987.766602512248 108.69575
0 0
783.990871963498 108.69575
0 0
659.25511382574 108.69575
0 0
783.990871963498 108.69575
0 0
987.766602512248 108.69575
0 0
783.990871963498 108.69575
0 0
659.25511382574 108.69575
0 0
783.990871963498 108.69575
0 0
987.766602512248 108.69575
0 0
783.990871963498 108.69575
0 0
659.25511382574 108.69575
0 0
783.990871963498 108.69575
0 0
987.766602512248 108.69575
0 0
783.990871963498 108.69575
0 0
659.25511382574 108.69575
0 0
783.990871963498 108.69575
0 0
987.766602512248 108.69575
0 0
783.990871963498 108.69575
0 0
659.25511382574 108.69575
0 0
783.990871963498 108.69575
0 0
987.766602512248 108.69575
0 0
783.990871963498 108.69575
0 0
659.25511382574 108.69575
0 0
783.990871963498 108.69575
0 0
987.766602512248 108.69575
0 0
783.990871963498 108.69575
0 0
659.25511382574 108.69575
0 0
783.990871963498 108.69575
0 0
987.766602512248 108.69575
0 0
783.990871963498 108.69575
0 0
659.25511382574 108.69575
0 0
783.990871963498 108.69575
0 0
987.766602512248 108.69575
0 0
783.990871963498 108.69575
0 0
659.25511382574 108.69575
0 0
783.990871963498 108.69575
0 0
880 108.69575
0 0
739.988845423269 108.69575
0 0
587.329535834815 108.69575
0 0
739.988845423269 108.69575
0 0
880 108.69575
0 0
739.988845423269 108.69575
0 0
587.329535834815 108.69575
0 0
739.988845423269 108.69575
0 0
880 108.69575
0 0
739.988845423269 108.69575
0 0
587.329535834815 108.69575
0 0
739.988845423269 108.69575
0 0
880 108.69575
0 0
739.988845423269 108.69575
0 0
587.329535834815 108.69575
0 0
739.988845423269 108.69575
0 0
987.766602512248 108.69575
0 0
783.990871963498 108.69575
0 0
659.25511382574 108.69575
0 0
783.990871963498 108.69575
0 0
987.766602512248 108.69575
0 0
783.990871963498 108.69575
0 0
659.25511382574 108.69575
0 0
783.990871963498 108.69575
0 0
987.766602512248 108.69575
0 0
783.990871963498 108.69575
0 0
659.25511382574 108.69575
0 0
783.990871963498 108.69575
0 0
987.766602512248 108.69575
0 0
783.990871963498 108.69575
0 0
659.25511382574 108.69575
0 0
783.990871963498 108.69575
0 0
987.766602512248 108.69575
0 0
783.990871963498 108.69575
0 0
659.25511382574 108.69575
0 0
783.990871963498 108.69575
0 0
987.766602512248 108.69575
0 0
783.990871963498 108.69575
0 0
659.25511382574 108.69575
0 0
783.990871963498 108.69575
0 0
987.766602512248 108.69575
0 0
783.990871963498 108.69575
0 0
659.25511382574 108.69575
0 0
783.990871963498 108.69575
0 0
987.766602512248 108.69575
0 0
783.990871963498 108.69575
0 0
659.25511382574 108.69575
0 0
783.990871963498 108.69575
0 0
987.766602512248 108.69575
0 0
783.990871963498 108.69575
0 0
659.25511382574 108.69575
0 0
783.990871963498 108.69575
0 0
987.766602512248 108.69575
0 0
783.990871963498 108.69575
0 0
659.25511382574 108.69575
0 0
783.990871963498 108.69575
0 0
987.766602512248 108.69575
0 0
783.990871963498 108.69575
0 0
659.25511382574 108.69575
0 0
783.990871963498 108.69575
0 0
987.766602512248 108.69575
0 0
783.990871963498 108.69575
0 0
659.25511382574 108.69575
0 0
783.990871963498 108.69575
0 0
880 108.69575
0 0
739.988845423269 108.69575
0 0
587.329535834815 108.69575
0 0
739.988845423269 108.69575
0 0
880 108.69575
0 0
739.988845423269 108.69575
0 0
587.329535834815 108.69575
0 0
739.988845423269 108.69575
0 0
880 108.69575
0 0
739.988845423269 108.69575
0 0
587.329535834815 108.69575
0 0
739.988845423269 108.69575
0 0
880 108.69575
0 0
739.988845423269 108.69575
0 0
587.329535834815 108.69575
0 0
739.988845423269 108.69575
0 0
987.766602512248 108.69575
0 0
783.990871963498 108.69575
0 0
659.25511382574 108.69575
0 0
783.990871963498 108.69575
0 0
987.766602512248 108.69575
0 0
783.990871963498 108.69575
0 0
659.25511382574 108.69575
0 0
783.990871963498 108.69575
0 0
987.766602512248 108.69575
0 0
783.990871963498 108.69575
0 0
659.25511382574 108.69575
0 0
783.990871963498 108.69575
0 0
987.766602512248 108.69575
0 0
783.990871963498 108.69575
0 0
659.25511382574 108.69575
0 0
783.990871963498 108.69575
0 0
987.766602512248 108.69575
0 0
783.990871963498 108.69575
0 0
659.25511382574 108.69575
0 0
783.990871963498 108.69575
0 0
987.766602512248 108.69575
0 0
783.990871963498 108.69575
0 0
659.25511382574 108.69575
0 0
783.990871963498 108.69575
0 0
987.766602512248 108.69575
0 0
783.990871963498 108.69575
0 0
659.25511382574 108.69575
0 0
783.990871963498 108.69575
0 0
987.766602512248 108.69575
0 0
783.990871963498 108.69575
0 0
659.25511382574 108.69575
0 0
783.990871963498 108.69575
0 0
987.766602512248 108.69575
0 0
783.990871963498 108.69575
0 0
659.25511382574 108.69575
0 0
783.990871963498 108.69575
0 0
987.766602512248 108.69575
0 0
783.990871963498 108.69575
0 0
659.25511382574 108.69575
0 0
783.990871963498 108.69575
0 0
987.766602512248 108.69575
0 0
783.990871963498 108.69575
0 0
659.25511382574 108.69575
0 0
783.990871963498 108.69575
0 0
987.766602512248 108.69575
0 0
783.990871963498 108.69575
0 0
659.25511382574 108.69575
0 0
783.990871963498 108.69575
0 0
880 108.69575
0 0
739.988845423269 108.69575
0 0
587.329535834815 108.69575
0 0
739.988845423269 108.69575
0 0
880 108.69575
0 0
739.988845423269 108.69575
0 0
587.329535834815 108.69575
0 0
739.988845423269 108.69575
0 0
880 108.69575
0 0
739.988845423269 108.69575
0 0
587.329535834815 108.69575
0 0
739.988845423269 108.69575
0 0
880 108.69575
0 0
739.988845423269 108.69575
0 0
587.329535834815 108.69575
0 0
739.988845423269 108.69575
