0 2608.698
9.17702399741899 4347.83
0 10000.009
10.9133822322814 3913.047
0 0
10.9133822322814 3478.264
0 0
10.9133822322814 1739.132
0 0
10.9133822322814 1739.132
0 0
10.9133822322814 869.566
0 0
10.9133822322814 869.566
0 0
10.9133822322814 1739.132
0 48695.696
41.2034446141087 5217.396
0 1739.132
92.4986056779086 1739.132
0 0
92.4986056779086 869.566
0 0
92.4986056779086 434.783
0 0
92.4986056779086 434.783
0 0
92.4986056779086 3478.264
0 0
92.4986056779086 3478.264
0 10434.792
41.2034446141087 6956.528
0 0
41.2034446141087 6956.528
0 0
41.2034446141087 6956.528
0 111304.448
311.126983722081 4782.613
