0 108202.995933333
220 177.536391666667
0 3.62319166666667
195.997717990875 3.62319166666667
0 119.565325
174.614115716502 268.116183333333
0 3.62319166666667
220 0
0 2902.176525
220 202.898733333333
0 0
195.997717990875 3.62319166666667
0 554.348325
220 166.666816666667
0 3.62319166666667
174.614115716502 0
0 126.811708333333
220 184.782775
0 7.24638333333333
220 0
0 119.565325
220 250.000225
0 7.24638333333333
195.997717990875 18.1159583333333
0 2304.3499
220 163.043625
0 0
174.614115716502 3.62319166666667
0 123.188516666667
220 228.261075
0 7.24638333333333
195.997717990875 3.62319166666667
0 807.971741666667
220 170.290008333333
0 0
174.614115716502 3.62319166666667
0 126.811708333333
220 210.145116666667
0 0
174.614115716502 0
0 137.681283333333
220 246.377033333333
0 3.62319166666667
195.997717990875 7.24638333333333
0 1405.79836666667
220 224.637883333333
0 3.62319166666667
195.997717990875 7.24638333333333
0 1764.49434166667
220 155.797241666667
0 3.62319166666667
195.997717990875 0
0 163.043625
220 224.637883333333
0 0
174.614115716502 7.24638333333333
0 1079.71111666667
220 184.782775
0 3.62319166666667
195.997717990875 3.62319166666667
0 152.17405
220 260.8698
0 3.62319166666667
195.997717990875 7.24638333333333
0 1119.566225
220 177.536391666667
0 3.62319166666667
220 0
0 123.188516666667
220 202.898733333333
0 3.62319166666667
220 0
0 170.290008333333
220 231.884266666667
0 3.62319166666667
195.997717990875 3.62319166666667
0 1068.84154166667
220 235.507458333333
0 7.24638333333333
195.997717990875 3.62319166666667
