0 3478.264
41.2034446141087 27826.112
0 217.3915
41.2034446141087 217.3915
0 217.3915
41.2034446141087 217.3915
0 217.3915
41.2034446141087 217.3915
0 217.3915
55 217.3915
0 217.3915
55 217.3915
0 217.3915
48.9994294977187 217.3915
0 217.3915
48.9994294977187 217.3915
0 217.3915
36.7080959896759 217.3915
0 217.3915
41.2034446141087 217.3915
0 217.3915
41.2034446141087 217.3915
0 217.3915
41.2034446141087 217.3915
0 217.3915
55 217.3915
0 217.3915
41.2034446141087 217.3915
0 217.3915
41.2034446141087 217.3915
0 217.3915
41.2034446141087 217.3915
0 217.3915
36.7080959896759 217.3915
0 217.3915
41.2034446141087 217.3915
0 217.3915
41.2034446141087 217.3915
0 217.3915
41.2034446141087 217.3915
0 217.3915
55 217.3915
0 217.3915
55 217.3915
0 217.3915
48.9994294977187 217.3915
0 217.3915
48.9994294977187 217.3915
0 217.3915
36.7080959896759 217.3915
0 217.3915
41.2034446141087 217.3915
0 217.3915
41.2034446141087 217.3915
0 217.3915
41.2034446141087 217.3915
0 217.3915
55 217.3915
0 217.3915
41.2034446141087 217.3915
0 217.3915
41.2034446141087 217.3915
0 217.3915
41.2034446141087 217.3915
0 217.3915
36.7080959896759 217.3915
0 217.3915
41.2034446141087 217.3915
0 217.3915
41.2034446141087 217.3915
0 217.3915
41.2034446141087 217.3915
0 217.3915
55 217.3915
0 217.3915
55 217.3915
0 217.3915
48.9994294977187 217.3915
0 217.3915
48.9994294977187 217.3915
0 217.3915
36.7080959896759 217.3915
0 217.3915
41.2034446141087 217.3915
0 217.3915
41.2034446141087 217.3915
0 217.3915
41.2034446141087 217.3915
0 217.3915
55 217.3915
0 217.3915
41.2034446141087 217.3915
0 217.3915
41.2034446141087 217.3915
0 217.3915
41.2034446141087 217.3915
0 217.3915
36.7080959896759 217.3915
0 217.3915
41.2034446141087 217.3915
0 217.3915
41.2034446141087 217.3915
0 217.3915
41.2034446141087 217.3915
0 217.3915
55 217.3915
0 217.3915
55 217.3915
0 217.3915
48.9994294977187 217.3915
0 217.3915
48.9994294977187 217.3915
0 217.3915
36.7080959896759 217.3915
0 217.3915
41.2034446141087 217.3915
0 217.3915
41.2034446141087 217.3915
0 217.3915
41.2034446141087 217.3915
0 217.3915
55 217.3915
0 217.3915
41.2034446141087 217.3915
0 217.3915
41.2034446141087 217.3915
0 217.3915
41.2034446141087 217.3915
0 217.3915
36.7080959896759 217.3915
0 217.3915
41.2034446141087 217.3915
0 217.3915
41.2034446141087 217.3915
0 217.3915
41.2034446141087 217.3915
0 217.3915
41.2034446141087 217.3915
0 217.3915
41.2034446141087 217.3915
0 217.3915
41.2034446141087 217.3915
0 217.3915
41.2034446141087 217.3915
0 217.3915
41.2034446141087 217.3915
0 217.3915
41.2034446141087 217.3915
0 217.3915
41.2034446141087 217.3915
0 217.3915
41.2034446141087 217.3915
0 217.3915
41.2034446141087 217.3915
0 217.3915
41.2034446141087 217.3915
0 217.3915
41.2034446141087 217.3915
0 217.3915
41.2034446141087 217.3915
0 217.3915
41.2034446141087 217.3915
0 217.3915
41.2034446141087 217.3915
0 217.3915
41.2034446141087 217.3915
0 217.3915
41.2034446141087 217.3915
0 217.3915
41.2034446141087 217.3915
0 217.3915
41.2034446141087 217.3915
0 217.3915
41.2034446141087 217.3915
0 217.3915
41.2034446141087 217.3915
0 217.3915
41.2034446141087 217.3915
0 217.3915
41.2034446141087 217.3915
0 217.3915
41.2034446141087 217.3915
0 217.3915
41.2034446141087 217.3915
0 217.3915
41.2034446141087 217.3915
0 217.3915
41.2034446141087 217.3915
0 217.3915
41.2034446141087 217.3915
0 217.3915
41.2034446141087 217.3915
0 217.3915
41.2034446141087 217.3915
0 217.3915
41.2034446141087 217.3915
0 217.3915
41.2034446141087 217.3915
0 217.3915
41.2034446141087 217.3915
0 217.3915
41.2034446141087 217.3915
0 217.3915
41.2034446141087 217.3915
0 217.3915
41.2034446141087 217.3915
0 217.3915
41.2034446141087 217.3915
0 217.3915
41.2034446141087 217.3915
0 217.3915
41.2034446141087 217.3915
0 217.3915
41.2034446141087 217.3915
0 217.3915
41.2034446141087 217.3915
0 217.3915
41.2034446141087 217.3915
0 217.3915
41.2034446141087 217.3915
0 217.3915
41.2034446141087 217.3915
0 217.3915
41.2034446141087 217.3915
0 217.3915
41.2034446141087 217.3915
0 0
41.2034446141087 6956.528
0 0
41.2034446141087 6956.528
0 0
41.2034446141087 8695.66
0 40217.4275
82.4068892282175 217.3915
0 217.3915
82.4068892282175 217.3915
0 217.3915
82.4068892282175 217.3915
0 217.3915
110 217.3915
0 217.3915
110 217.3915
0 217.3915
97.9988589954373 217.3915
0 217.3915
97.9988589954373 217.3915
0 217.3915
73.4161919793519 217.3915
0 217.3915
82.4068892282175 217.3915
0 217.3915
82.4068892282175 217.3915
0 217.3915
82.4068892282175 217.3915
0 217.3915
110 217.3915
0 217.3915
82.4068892282175 217.3915
0 217.3915
82.4068892282175 217.3915
0 217.3915
82.4068892282175 217.3915
0 217.3915
73.4161919793519 217.3915
0 217.3915
82.4068892282175 217.3915
0 217.3915
82.4068892282175 217.3915
0 217.3915
82.4068892282175 217.3915
0 217.3915
110 217.3915
0 217.3915
110 217.3915
0 217.3915
97.9988589954373 217.3915
0 217.3915
97.9988589954373 217.3915
0 217.3915
73.4161919793519 217.3915
0 217.3915
82.4068892282175 217.3915
0 217.3915
82.4068892282175 217.3915
0 217.3915
82.4068892282175 217.3915
0 217.3915
110 217.3915
0 217.3915
82.4068892282175 217.3915
0 217.3915
82.4068892282175 217.3915
0 217.3915
82.4068892282175 217.3915
0 217.3915
73.4161919793519 217.3915
0 217.3915
82.4068892282175 217.3915
0 217.3915
82.4068892282175 217.3915
0 217.3915
82.4068892282175 217.3915
0 217.3915
110 217.3915
0 217.3915
110 217.3915
0 217.3915
97.9988589954373 217.3915
0 217.3915
97.9988589954373 217.3915
0 217.3915
73.4161919793519 217.3915
0 217.3915
82.4068892282175 217.3915
0 217.3915
82.4068892282175 217.3915
0 217.3915
82.4068892282175 217.3915
0 217.3915
110 217.3915
0 217.3915
82.4068892282175 217.3915
0 217.3915
82.4068892282175 217.3915
0 217.3915
82.4068892282175 217.3915
0 217.3915
73.4161919793519 217.3915
0 217.3915
82.4068892282175 217.3915
0 217.3915
82.4068892282175 217.3915
0 217.3915
82.4068892282175 217.3915
0 217.3915
110 217.3915
0 217.3915
110 217.3915
0 217.3915
97.9988589954373 217.3915
0 217.3915
97.9988589954373 217.3915
0 217.3915
73.4161919793519 217.3915
0 217.3915
82.4068892282175 217.3915
0 217.3915
82.4068892282175 217.3915
0 217.3915
82.4068892282175 217.3915
0 217.3915
110 217.3915
0 217.3915
82.4068892282175 217.3915
0 217.3915
82.4068892282175 217.3915
0 217.3915
82.4068892282175 217.3915
0 217.3915
73.4161919793519 217.3915
0 217.3915
82.4068892282175 217.3915
0 217.3915
82.4068892282175 217.3915
0 217.3915
82.4068892282175 217.3915
0 217.3915
82.4068892282175 217.3915
0 217.3915
82.4068892282175 217.3915
0 217.3915
82.4068892282175 217.3915
0 217.3915
82.4068892282175 217.3915
0 217.3915
82.4068892282175 217.3915
0 217.3915
82.4068892282175 217.3915
0 217.3915
82.4068892282175 217.3915
0 217.3915
82.4068892282175 217.3915
0 217.3915
82.4068892282175 217.3915
0 217.3915
82.4068892282175 217.3915
0 217.3915
82.4068892282175 217.3915
0 217.3915
82.4068892282175 217.3915
0 217.3915
82.4068892282175 217.3915
0 217.3915
82.4068892282175 217.3915
0 217.3915
82.4068892282175 217.3915
0 217.3915
82.4068892282175 217.3915
0 217.3915
82.4068892282175 217.3915
0 217.3915
82.4068892282175 217.3915
0 217.3915
82.4068892282175 217.3915
0 217.3915
82.4068892282175 217.3915
0 217.3915
82.4068892282175 217.3915
0 217.3915
82.4068892282175 217.3915
0 217.3915
82.4068892282175 217.3915
0 217.3915
82.4068892282175 217.3915
0 217.3915
82.4068892282175 217.3915
0 217.3915
82.4068892282175 217.3915
0 217.3915
82.4068892282175 217.3915
0 217.3915
82.4068892282175 217.3915
0 217.3915
82.4068892282175 217.3915
0 217.3915
82.4068892282175 217.3915
0 217.3915
82.4068892282175 217.3915
0 217.3915
82.4068892282175 217.3915
0 217.3915
82.4068892282175 217.3915
0 217.3915
82.4068892282175 217.3915
0 217.3915
82.4068892282175 217.3915
0 217.3915
82.4068892282175 217.3915
0 217.3915
82.4068892282175 217.3915
0 217.3915
82.4068892282175 217.3915
0 217.3915
82.4068892282175 217.3915
0 217.3915
82.4068892282175 217.3915
0 217.3915
82.4068892282175 217.3915
0 217.3915
82.4068892282175 217.3915
0 217.3915
82.4068892282175 217.3915
0 217.3915
82.4068892282175 217.3915
0 217.3915
82.4068892282175 217.3915
0 217.3915
82.4068892282175 217.3915
0 217.3915
82.4068892282175 217.3915
0 217.3915
82.4068892282175 217.3915
0 217.3915
110 217.3915
0 217.3915
110 217.3915
0 217.3915
97.9988589954373 217.3915
0 217.3915
97.9988589954373 217.3915
0 217.3915
73.4161919793519 217.3915
0 217.3915
82.4068892282175 217.3915
0 217.3915
82.4068892282175 217.3915
0 217.3915
82.4068892282175 217.3915
0 217.3915
110 217.3915
0 217.3915
82.4068892282175 217.3915
0 217.3915
82.4068892282175 217.3915
0 217.3915
82.4068892282175 217.3915
0 217.3915
73.4161919793519 217.3915
0 217.3915
82.4068892282175 217.3915
0 217.3915
82.4068892282175 217.3915
0 217.3915
82.4068892282175 217.3915
0 217.3915
110 217.3915
0 217.3915
110 217.3915
0 217.3915
97.9988589954373 217.3915
0 217.3915
97.9988589954373 217.3915
0 217.3915
73.4161919793519 217.3915
0 217.3915
82.4068892282175 217.3915
0 217.3915
82.4068892282175 217.3915
0 217.3915
82.4068892282175 217.3915
0 217.3915
110 217.3915
0 217.3915
82.4068892282175 217.3915
0 217.3915
82.4068892282175 217.3915
0 217.3915
82.4068892282175 217.3915
0 217.3915
73.4161919793519 217.3915
0 217.3915
82.4068892282175 217.3915
0 217.3915
82.4068892282175 217.3915
0 217.3915
82.4068892282175 217.3915
0 217.3915
110 217.3915
0 217.3915
110 217.3915
0 217.3915
97.9988589954373 217.3915
0 217.3915
97.9988589954373 217.3915
0 217.3915
73.4161919793519 217.3915
0 217.3915
82.4068892282175 217.3915
0 217.3915
82.4068892282175 217.3915
0 217.3915
82.4068892282175 217.3915
0 217.3915
110 217.3915
0 217.3915
82.4068892282175 217.3915
0 217.3915
82.4068892282175 217.3915
0 217.3915
82.4068892282175 217.3915
0 217.3915
73.4161919793519 217.3915
0 217.3915
82.4068892282175 217.3915
0 217.3915
82.4068892282175 217.3915
0 217.3915
82.4068892282175 217.3915
0 217.3915
110 217.3915
0 217.3915
110 217.3915
0 217.3915
97.9988589954373 217.3915
0 217.3915
97.9988589954373 217.3915
0 217.3915
73.4161919793519 217.3915
0 217.3915
82.4068892282175 217.3915
0 217.3915
82.4068892282175 217.3915
0 217.3915
82.4068892282175 217.3915
0 217.3915
110 217.3915
0 217.3915
82.4068892282175 217.3915
0 217.3915
82.4068892282175 217.3915
0 217.3915
82.4068892282175 217.3915
0 217.3915
73.4161919793519 217.3915
0 217.3915
82.4068892282175 217.3915
0 217.3915
82.4068892282175 217.3915
0 217.3915
82.4068892282175 217.3915
0 217.3915
82.4068892282175 217.3915
0 217.3915
82.4068892282175 217.3915
0 217.3915
82.4068892282175 217.3915
0 217.3915
82.4068892282175 217.3915
0 217.3915
82.4068892282175 217.3915
0 217.3915
82.4068892282175 217.3915
0 217.3915
82.4068892282175 217.3915
0 217.3915
82.4068892282175 217.3915
0 217.3915
82.4068892282175 217.3915
0 217.3915
82.4068892282175 217.3915
0 217.3915
82.4068892282175 217.3915
0 217.3915
82.4068892282175 217.3915
0 217.3915
82.4068892282175 217.3915
0 217.3915
82.4068892282175 217.3915
0 217.3915
82.4068892282175 217.3915
0 217.3915
82.4068892282175 217.3915
0 217.3915
82.4068892282175 217.3915
0 217.3915
82.4068892282175 217.3915
0 217.3915
82.4068892282175 217.3915
0 217.3915
82.4068892282175 217.3915
0 217.3915
82.4068892282175 217.3915
0 217.3915
82.4068892282175 217.3915
0 217.3915
82.4068892282175 217.3915
0 217.3915
82.4068892282175 217.3915
0 217.3915
82.4068892282175 217.3915
0 217.3915
82.4068892282175 217.3915
0 217.3915
82.4068892282175 217.3915
0 217.3915
82.4068892282175 217.3915
0 217.3915
82.4068892282175 217.3915
0 217.3915
82.4068892282175 217.3915
0 217.3915
82.4068892282175 217.3915
0 217.3915
82.4068892282175 217.3915
0 217.3915
82.4068892282175 217.3915
0 217.3915
82.4068892282175 217.3915
0 217.3915
82.4068892282175 217.3915
0 217.3915
82.4068892282175 217.3915
0 217.3915
82.4068892282175 217.3915
0 217.3915
82.4068892282175 217.3915
0 217.3915
82.4068892282175 217.3915
0 217.3915
82.4068892282175 217.3915
0 217.3915
82.4068892282175 217.3915
0 217.3915
82.4068892282175 217.3915
0 217.3915
82.4068892282175 217.3915
0 217.3915
82.4068892282175 217.3915
0 217.3915
82.4068892282175 217.3915
