0 3478.264
61.7354126570155 434.783
0 0
138.591315488436 0
0 0
61.7354126570155 434.783
0 0
164.813778456435 0
0 0
82.4068892282175 108.69575
0 0
82.4068892282175 108.69575
0 0
82.4068892282175 108.69575
0 0
82.4068892282175 108.69575
0 0
61.7354126570155 0
0 0
65.4063913251497 0
0 0
82.4068892282175 108.69575
0 0
82.4068892282175 108.69575
0 0
82.4068892282175 108.69575
0 0
82.4068892282175 108.69575
0 0
82.4068892282175 108.69575
0 0
82.4068892282175 108.69575
0 0
82.4068892282175 108.69575
0 0
82.4068892282175 108.69575
0 0
82.4068892282175 108.69575
0 0
82.4068892282175 108.69575
0 0
82.4068892282175 108.69575
0 0
82.4068892282175 108.69575
0 0
82.4068892282175 108.69575
0 0
82.4068892282175 108.69575
0 0
82.4068892282175 108.69575
0 0
82.4068892282175 108.69575
0 0
82.4068892282175 108.69575
0 0
82.4068892282175 108.69575
0 0
82.4068892282175 108.69575
0 0
82.4068892282175 108.69575
0 0
82.4068892282175 108.69575
0 0
82.4068892282175 108.69575
0 0
82.4068892282175 108.69575
0 0
82.4068892282175 108.69575
0 0
82.4068892282175 108.69575
0 0
82.4068892282175 108.69575
0 0
82.4068892282175 108.69575
0 0
82.4068892282175 108.69575
0 0
82.4068892282175 108.69575
0 0
82.4068892282175 108.69575
0 0
82.4068892282175 108.69575
0 0
82.4068892282175 108.69575
0 0
82.4068892282175 108.69575
0 0
82.4068892282175 108.69575
0 0
82.4068892282175 108.69575
0 0
82.4068892282175 108.69575
0 0
82.4068892282175 108.69575
0 0
82.4068892282175 108.69575
0 0
82.4068892282175 108.69575
0 0
82.4068892282175 108.69575
0 0
82.4068892282175 108.69575
0 0
82.4068892282175 108.69575
0 0
82.4068892282175 108.69575
0 0
82.4068892282175 108.69575
0 0
82.4068892282175 108.69575
0 0
82.4068892282175 108.69575
0 0
82.4068892282175 108.69575
0 0
82.4068892282175 108.69575
0 0
82.4068892282175 108.69575
0 0
82.4068892282175 108.69575
0 0
82.4068892282175 108.69575
0 0
82.4068892282175 108.69575
0 0
82.4068892282175 108.69575
0 0
82.4068892282175 108.69575
0 0
82.4068892282175 108.69575
0 0
82.4068892282175 108.69575
0 0
82.4068892282175 108.69575
0 0
82.4068892282175 108.69575
0 0
82.4068892282175 108.69575
0 0
82.4068892282175 108.69575
0 0
82.4068892282175 108.69575
0 0
82.4068892282175 108.69575
0 0
82.4068892282175 108.69575
0 0
82.4068892282175 108.69575
0 0
82.4068892282175 108.69575
0 0
82.4068892282175 108.69575
0 0
82.4068892282175 108.69575
0 0
82.4068892282175 108.69575
0 0
82.4068892282175 108.69575
0 0
82.4068892282175 108.69575
0 0
82.4068892282175 108.69575
0 0
82.4068892282175 108.69575
0 0
82.4068892282175 108.69575
0 0
82.4068892282175 108.69575
0 0
82.4068892282175 108.69575
0 0
82.4068892282175 108.69575
0 0
82.4068892282175 108.69575
0 0
82.4068892282175 108.69575
0 0
82.4068892282175 108.69575
0 0
82.4068892282175 108.69575
0 0
82.4068892282175 108.69575
0 0
82.4068892282175 108.69575
0 0
82.4068892282175 108.69575
0 0
82.4068892282175 108.69575
0 0
82.4068892282175 108.69575
0 0
82.4068892282175 108.69575
0 0
82.4068892282175 108.69575
0 0
82.4068892282175 108.69575
0 0
82.4068892282175 108.69575
0 0
82.4068892282175 108.69575
0 0
82.4068892282175 108.69575
0 0
82.4068892282175 108.69575
0 0
82.4068892282175 108.69575
0 0
82.4068892282175 108.69575
0 0
82.4068892282175 108.69575
0 0
82.4068892282175 108.69575
0 0
82.4068892282175 108.69575
0 0
82.4068892282175 108.69575
0 0
82.4068892282175 108.69575
0 0
82.4068892282175 108.69575
0 0
82.4068892282175 108.69575
0 0
82.4068892282175 108.69575
0 0
82.4068892282175 108.69575
0 0
82.4068892282175 108.69575
0 0
82.4068892282175 108.69575
0 0
82.4068892282175 108.69575
0 0
82.4068892282175 108.69575
0 0
293.664767917408 108.69575
0 0
82.4068892282175 0
0 0
82.4068892282175 108.69575
0 0
82.4068892282175 108.69575
0 0
82.4068892282175 108.69575
0 0
293.664767917408 108.69575
0 0
82.4068892282175 108.69575
0 0
82.4068892282175 108.69575
0 0
82.4068892282175 108.69575
0 0
293.664767917408 108.69575
0 0
220 0
0 0
82.4068892282175 108.69575
0 0
82.4068892282175 108.69575
0 0
82.4068892282175 108.69575
0 0
293.664767917408 0
0 0
293.664767917408 108.69575
0 0
82.4068892282175 0
0 0
82.4068892282175 108.69575
0 0
82.4068892282175 108.69575
0 0
293.664767917408 0
0 0
82.4068892282175 108.69575
0 0
220 108.69575
0 0
61.7354126570155 0
0 108.69575
246.941650628062 108.69575
0 0
77.7817459305202 108.69575
0 0
92.4986056779086 108.69575
0 0
61.7354126570155 108.69575
0 108.69575
92.4986056779086 108.69575
0 0
77.7817459305202 108.69575
0 0
246.941650628062 108.69575
0 0
61.7354126570155 108.69575
0 108.69575
246.941650628062 108.69575
0 0
77.7817459305202 108.69575
0 0
92.4986056779086 108.69575
0 0
61.7354126570155 108.69575
0 108.69575
246.941650628062 108.69575
0 0
77.7817459305202 108.69575
0 0
92.4986056779086 108.69575
0 0
61.7354126570155 108.69575
0 108.69575
246.941650628062 108.69575
0 0
61.7354126570155 108.69575
0 0
92.4986056779086 108.69575
0 0
61.7354126570155 108.69575
0 108.69575
92.4986056779086 108.69575
0 0
77.7817459305202 108.69575
0 0
246.941650628062 108.69575
0 0
293.664767917408 108.69575
0 0
246.941650628062 108.69575
0 0
293.664767917408 108.69575
0 0
293.664767917408 108.69575
0 0
77.7817459305202 0
0 108.69575
293.664767917408 108.69575
0 0
92.4986056779086 0
0 108.69575
293.664767917408 108.69575
0 0
92.4986056779086 108.69575
0 0
293.664767917408 108.69575
0 0
293.664767917408 108.69575
0 0
61.7354126570155 0
0 108.69575
293.664767917408 108.69575
0 0
92.4986056779086 0
0 108.69575
61.7354126570155 108.69575
0 0
246.941650628062 108.69575
0 0
77.7817459305202 108.69575
0 0
92.4986056779086 108.69575
0 0
61.7354126570155 108.69575
0 108.69575
92.4986056779086 108.69575
0 0
61.7354126570155 108.69575
0 0
246.941650628062 108.69575
0 0
61.7354126570155 108.69575
0 108.69575
246.941650628062 108.69575
0 0
61.7354126570155 108.69575
0 0
92.4986056779086 108.69575
0 0
61.7354126570155 108.69575
0 108.69575
246.941650628062 108.69575
0 0
61.7354126570155 108.69575
0 0
92.4986056779086 108.69575
0 0
61.7354126570155 108.69575
0 108.69575
246.941650628062 108.69575
0 0
77.7817459305202 108.69575
0 0
246.941650628062 108.69575
0 0
61.7354126570155 108.69575
0 108.69575
92.4986056779086 108.69575
0 0
77.7817459305202 108.69575
0 0
92.4986056779086 108.69575
0 0
293.664767917408 108.69575
0 0
246.941650628062 108.69575
0 0
293.664767917408 108.69575
0 0
293.664767917408 108.69575
0 0
77.7817459305202 0
0 108.69575
293.664767917408 108.69575
0 0
246.941650628062 0
0 108.69575
293.664767917408 108.69575
0 0
92.4986056779086 108.69575
0 0
293.664767917408 108.69575
0 0
293.664767917408 108.69575
0 0
77.7817459305202 0
0 108.69575
293.664767917408 108.69575
0 0
246.941650628062 0
0 108.69575
61.7354126570155 108.69575
0 108.69575
92.4986056779086 108.69575
0 0
246.941650628062 108.69575
0 0
77.7817459305202 108.69575
0 0
246.941650628062 108.69575
0 0
61.7354126570155 108.69575
0 108.69575
92.4986056779086 108.69575
0 0
77.7817459305202 108.69575
0 0
246.941650628062 108.69575
0 0
61.7354126570155 108.69575
0 108.69575
92.4986056779086 108.69575
0 0
77.7817459305202 108.69575
0 0
246.941650628062 108.69575
0 0
61.7354126570155 108.69575
0 108.69575
92.4986056779086 108.69575
0 0
77.7817459305202 108.69575
0 0
246.941650628062 108.69575
0 0
61.7354126570155 108.69575
0 108.69575
92.4986056779086 108.69575
0 0
77.7817459305202 108.69575
0 0
246.941650628062 108.69575
0 0
61.7354126570155 108.69575
0 108.69575
92.4986056779086 108.69575
0 0
61.7354126570155 108.69575
0 0
246.941650628062 108.69575
0 0
293.664767917408 108.69575
0 0
92.4986056779086 108.69575
0 0
293.664767917408 108.69575
0 0
293.664767917408 108.69575
0 0
77.7817459305202 0
0 108.69575
293.664767917408 108.69575
0 0
246.941650628062 0
0 108.69575
293.664767917408 108.69575
0 0
92.4986056779086 108.69575
0 0
293.664767917408 108.69575
0 0
293.664767917408 108.69575
0 0
77.7817459305202 0
0 108.69575
293.664767917408 108.69575
0 0
246.941650628062 0
0 108.69575
61.7354126570155 108.69575
0 108.69575
92.4986056779086 108.69575
0 0
246.941650628062 108.69575
0 0
77.7817459305202 108.69575
0 0
246.941650628062 108.69575
0 0
61.7354126570155 108.69575
0 108.69575
92.4986056779086 108.69575
0 0
77.7817459305202 108.69575
0 0
246.941650628062 108.69575
0 0
61.7354126570155 108.69575
0 108.69575
92.4986056779086 108.69575
0 0
77.7817459305202 108.69575
0 0
246.941650628062 108.69575
0 0
61.7354126570155 108.69575
0 108.69575
92.4986056779086 108.69575
0 0
77.7817459305202 108.69575
0 0
246.941650628062 108.69575
0 0
61.7354126570155 108.69575
0 108.69575
92.4986056779086 108.69575
0 0
77.7817459305202 108.69575
0 0
246.941650628062 108.69575
0 0
61.7354126570155 108.69575
0 108.69575
92.4986056779086 108.69575
0 0
77.7817459305202 108.69575
0 0
246.941650628062 108.69575
0 0
293.664767917408 108.69575
0 0
92.4986056779086 108.69575
0 0
293.664767917408 108.69575
0 0
293.664767917408 108.69575
0 0
77.7817459305202 0
0 108.69575
293.664767917408 108.69575
0 0
246.941650628062 0
0 108.69575
293.664767917408 108.69575
0 0
92.4986056779086 108.69575
0 0
293.664767917408 108.69575
0 0
293.664767917408 108.69575
0 0
77.7817459305202 0
0 108.69575
293.664767917408 108.69575
0 0
246.941650628062 0
0 108.69575
61.7354126570155 108.69575
0 0
92.4986056779086 108.69575
0 0
77.7817459305202 108.69575
0 0
246.941650628062 108.69575
0 0
61.7354126570155 108.69575
0 108.69575
246.941650628062 108.69575
0 0
61.7354126570155 108.69575
0 0
92.4986056779086 108.69575
0 0
61.7354126570155 108.69575
0 108.69575
92.4986056779086 108.69575
0 0
77.7817459305202 108.69575
0 0
246.941650628062 108.69575
0 0
61.7354126570155 108.69575
0 108.69575
246.941650628062 108.69575
0 0
77.7817459305202 108.69575
0 0
92.4986056779086 108.69575
0 0
61.7354126570155 108.69575
0 108.69575
92.4986056779086 108.69575
0 0
77.7817459305202 108.69575
0 0
246.941650628062 108.69575
0 0
61.7354126570155 108.69575
0 108.69575
246.941650628062 108.69575
0 0
77.7817459305202 108.69575
0 0
92.4986056779086 108.69575
0 0
61.7354126570155 108.69575
0 108.69575
92.4986056779086 108.69575
0 0
77.7817459305202 108.69575
0 0
246.941650628062 108.69575
0 0
61.7354126570155 108.69575
0 108.69575
246.941650628062 108.69575
0 0
77.7817459305202 108.69575
0 0
92.4986056779086 108.69575
0 0
61.7354126570155 108.69575
0 108.69575
92.4986056779086 108.69575
0 0
77.7817459305202 108.69575
0 0
246.941650628062 108.69575
0 0
61.7354126570155 108.69575
0 108.69575
246.941650628062 108.69575
0 0
77.7817459305202 108.69575
0 0
92.4986056779086 108.69575
0 0
61.7354126570155 108.69575
0 108.69575
92.4986056779086 108.69575
0 0
77.7817459305202 108.69575
0 0
246.941650628062 108.69575
0 0
61.7354126570155 108.69575
0 108.69575
246.941650628062 108.69575
0 0
77.7817459305202 108.69575
0 0
92.4986056779086 108.69575
0 0
61.7354126570155 108.69575
0 108.69575
92.4986056779086 108.69575
0 0
77.7817459305202 108.69575
0 0
246.941650628062 108.69575
0 0
61.7354126570155 108.69575
0 108.69575
246.941650628062 108.69575
0 0
61.7354126570155 108.69575
0 0
92.4986056779086 108.69575
0 0
61.7354126570155 108.69575
0 108.69575
92.4986056779086 108.69575
0 0
77.7817459305202 108.69575
0 0
246.941650628062 108.69575
0 0
61.7354126570155 108.69575
0 108.69575
246.941650628062 108.69575
0 0
77.7817459305202 108.69575
0 0
246.941650628062 108.69575
0 0
61.7354126570155 108.69575
0 0
82.4068892282175 108.69575
0 0
92.4986056779086 108.69575
0 0
82.4068892282175 0
0 0
82.4068892282175 108.69575
0 0
77.7817459305202 108.69575
0 0
61.7354126570155 0
0 0
82.4068892282175 108.69575
0 0
92.4986056779086 108.69575
0 0
82.4068892282175 0
0 0
82.4068892282175 108.69575
0 0
61.7354126570155 108.69575
0 0
82.4068892282175 108.69575
0 0
92.4986056779086 108.69575
0 0
82.4068892282175 0
0 0
82.4068892282175 108.69575
0 0
77.7817459305202 108.69575
0 0
61.7354126570155 0
0 0
82.4068892282175 108.69575
0 0
92.4986056779086 108.69575
0 0
82.4068892282175 0
0 0
82.4068892282175 108.69575
0 0
61.7354126570155 108.69575
0 0
82.4068892282175 108.69575
0 0
92.4986056779086 108.69575
0 0
82.4068892282175 0
0 0
82.4068892282175 108.69575
0 0
77.7817459305202 108.69575
0 0
61.7354126570155 0
0 0
82.4068892282175 108.69575
0 0
92.4986056779086 108.69575
0 0
82.4068892282175 0
0 0
82.4068892282175 108.69575
0 0
61.7354126570155 108.69575
0 0
82.4068892282175 108.69575
0 0
246.941650628062 108.69575
0 0
92.4986056779086 0
0 0
82.4068892282175 108.69575
0 0
77.7817459305202 108.69575
0 0
61.7354126570155 0
0 0
82.4068892282175 108.69575
0 0
246.941650628062 108.69575
0 0
92.4986056779086 0
0 0
82.4068892282175 108.69575
0 0
61.7354126570155 108.69575
0 0
82.4068892282175 108.69575
0 0
246.941650628062 108.69575
0 0
92.4986056779086 0
0 0
82.4068892282175 108.69575
0 0
77.7817459305202 108.69575
0 0
61.7354126570155 0
0 0
82.4068892282175 108.69575
0 0
246.941650628062 108.69575
0 0
92.4986056779086 0
0 0
82.4068892282175 108.69575
0 0
61.7354126570155 108.69575
0 0
82.4068892282175 108.69575
0 0
246.941650628062 108.69575
0 0
92.4986056779086 0
0 0
82.4068892282175 108.69575
0 0
77.7817459305202 108.69575
0 0
61.7354126570155 0
0 0
82.4068892282175 108.69575
0 0
246.941650628062 108.69575
0 0
92.4986056779086 0
0 0
82.4068892282175 108.69575
0 0
220 108.69575
0 0
61.7354126570155 0
0 0
82.4068892282175 108.69575
0 0
246.941650628062 108.69575
0 0
82.4068892282175 0
0 0
82.4068892282175 108.69575
0 0
61.7354126570155 108.69575
0 0
82.4068892282175 0
0 0
82.4068892282175 108.69575
0 0
138.591315488436 0
0 0
246.941650628062 108.69575
0 0
82.4068892282175 0
0 0
82.4068892282175 108.69575
0 0
220 108.69575
0 0
82.4068892282175 0
0 0
82.4068892282175 108.69575
0 0
246.941650628062 108.69575
0 0
82.4068892282175 0
0 0
82.4068892282175 108.69575
0 0
61.7354126570155 108.69575
0 0
82.4068892282175 0
0 0
82.4068892282175 108.69575
0 0
246.941650628062 108.69575
0 0
82.4068892282175 0
0 0
82.4068892282175 108.69575
0 0
97.9988589954373 108.69575
0 0
138.591315488436 0
0 0
65.4063913251497 108.69575
0 0
97.9988589954373 0
0 1630.43625
97.9988589954373 108.69575
0 0
61.7354126570155 0
0 760.87025
61.7354126570155 108.69575
0 0
97.9988589954373 0
0 326.08725
97.9988589954373 108.69575
0 0
61.7354126570155 0
0 326.08725
97.9988589954373 108.69575
0 0
61.7354126570155 0
0 3369.56825
65.4063913251497 54.347875
0 0
65.4063913251497 0
0 54.347875
61.7354126570155 0
0 0
65.4063913251497 54.347875
0 0
138.591315488436 0
0 0
164.813778456435 54.347875
0 0
61.7354126570155 0
0 0
138.591315488436 54.347875
0 0
87.307057858251 0
0 0
61.7354126570155 54.347875
0 380.435125
87.307057858251 0
0 0
61.7354126570155 54.347875
0 0
87.307057858251 380.435125
0 6521.745
82.4068892282175 54.347875
0 54.347875
82.4068892282175 54.347875
0 54.347875
82.4068892282175 54.347875
0 54.347875
82.4068892282175 54.347875
0 54.347875
82.4068892282175 54.347875
0 54.347875
82.4068892282175 54.347875
0 54.347875
82.4068892282175 54.347875
0 54.347875
82.4068892282175 54.347875
0 54.347875
82.4068892282175 54.347875
0 54.347875
82.4068892282175 54.347875
0 54.347875
82.4068892282175 54.347875
0 54.347875
82.4068892282175 54.347875
0 54.347875
82.4068892282175 54.347875
0 54.347875
82.4068892282175 54.347875
0 54.347875
82.4068892282175 54.347875
0 54.347875
82.4068892282175 54.347875
0 54.347875
82.4068892282175 54.347875
0 54.347875
82.4068892282175 54.347875
0 54.347875
82.4068892282175 54.347875
0 54.347875
82.4068892282175 54.347875
0 54.347875
82.4068892282175 54.347875
0 54.347875
82.4068892282175 54.347875
0 54.347875
82.4068892282175 54.347875
0 54.347875
82.4068892282175 54.347875
0 54.347875
82.4068892282175 54.347875
0 54.347875
82.4068892282175 54.347875
0 54.347875
82.4068892282175 54.347875
0 54.347875
82.4068892282175 54.347875
0 54.347875
82.4068892282175 54.347875
0 54.347875
82.4068892282175 54.347875
0 54.347875
82.4068892282175 54.347875
0 54.347875
82.4068892282175 54.347875
0 54.347875
82.4068892282175 54.347875
0 54.347875
82.4068892282175 54.347875
0 54.347875
82.4068892282175 54.347875
0 54.347875
82.4068892282175 54.347875
0 54.347875
82.4068892282175 54.347875
0 54.347875
82.4068892282175 54.347875
0 54.347875
82.4068892282175 54.347875
0 54.347875
82.4068892282175 54.347875
0 54.347875
82.4068892282175 54.347875
0 54.347875
82.4068892282175 54.347875
0 54.347875
82.4068892282175 54.347875
0 54.347875
82.4068892282175 54.347875
0 54.347875
82.4068892282175 54.347875
0 54.347875
82.4068892282175 54.347875
0 54.347875
82.4068892282175 54.347875
0 54.347875
82.4068892282175 54.347875
0 54.347875
82.4068892282175 18.1159583333333
0 90.5797916666667
82.4068892282175 18.1159583333333
0 90.5797916666667
82.4068892282175 18.1159583333333
0 90.5797916666667
82.4068892282175 18.1159583333333
0 90.5797916666667
82.4068892282175 18.1159583333333
0 90.5797916666667
82.4068892282175 18.1159583333333
0 90.5797916666667
82.4068892282175 18.1159583333333
0 90.5797916666667
82.4068892282175 18.1159583333333
0 90.5797916666667
82.4068892282175 18.1159583333333
0 90.5797916666667
82.4068892282175 18.1159583333333
0 90.5797916666667
82.4068892282175 18.1159583333333
0 90.5797916666667
82.4068892282175 18.1159583333333
0 90.5797916666667
82.4068892282175 18.1159583333333
0 90.5797916666667
82.4068892282175 18.1159583333333
0 90.5797916666667
82.4068892282175 18.1159583333333
0 36.2319166666667
82.4068892282175 18.1159583333333
0 36.2319166666667
82.4068892282175 54.347875
0 54.347875
82.4068892282175 54.347875
0 54.347875
82.4068892282175 54.347875
0 54.347875
82.4068892282175 54.347875
0 54.347875
82.4068892282175 54.347875
0 54.347875
82.4068892282175 54.347875
0 54.347875
82.4068892282175 54.347875
0 54.347875
82.4068892282175 54.347875
0 54.347875
82.4068892282175 54.347875
0 54.347875
82.4068892282175 54.347875
0 54.347875
82.4068892282175 54.347875
0 54.347875
82.4068892282175 54.347875
0 54.347875
82.4068892282175 54.347875
0 54.347875
82.4068892282175 54.347875
0 54.347875
82.4068892282175 54.347875
0 54.347875
82.4068892282175 54.347875
0 54.347875
82.4068892282175 54.347875
0 54.347875
82.4068892282175 54.347875
0 54.347875
82.4068892282175 54.347875
0 54.347875
82.4068892282175 54.347875
0 54.347875
82.4068892282175 54.347875
0 54.347875
82.4068892282175 54.347875
0 54.347875
82.4068892282175 54.347875
0 54.347875
82.4068892282175 54.347875
0 54.347875
82.4068892282175 54.347875
0 54.347875
82.4068892282175 54.347875
0 54.347875
82.4068892282175 54.347875
0 54.347875
82.4068892282175 54.347875
0 54.347875
82.4068892282175 54.347875
0 54.347875
82.4068892282175 54.347875
0 54.347875
82.4068892282175 54.347875
0 54.347875
82.4068892282175 54.347875
0 54.347875
82.4068892282175 54.347875
0 54.347875
82.4068892282175 54.347875
0 54.347875
82.4068892282175 54.347875
0 54.347875
82.4068892282175 54.347875
0 54.347875
82.4068892282175 54.347875
0 54.347875
82.4068892282175 54.347875
0 54.347875
82.4068892282175 54.347875
0 54.347875
82.4068892282175 54.347875
0 54.347875
82.4068892282175 54.347875
0 54.347875
82.4068892282175 54.347875
0 54.347875
82.4068892282175 54.347875
0 54.347875
82.4068892282175 54.347875
0 54.347875
82.4068892282175 54.347875
0 54.347875
82.4068892282175 54.347875
0 54.347875
311.126983722081 54.347875
0 0
82.4068892282175 0
0 54.347875
82.4068892282175 54.347875
0 54.347875
82.4068892282175 54.347875
0 54.347875
311.126983722081 54.347875
0 0
138.591315488436 54.347875
0 0
311.126983722081 0
0 54.347875
82.4068892282175 54.347875
0 54.347875
311.126983722081 54.347875
0 0
82.4068892282175 54.347875
0 54.347875
220 54.347875
0 0
82.4068892282175 0
0 0
82.4068892282175 54.347875
0 0
82.4068892282175 54.347875
0 0
82.4068892282175 54.347875
0 0
82.4068892282175 54.347875
0 0
82.4068892282175 54.347875
0 0
311.126983722081 54.347875
0 0
82.4068892282175 54.347875
0 0
311.126983722081 54.347875
0 0
82.4068892282175 0
0 0
82.4068892282175 54.347875
0 0
82.4068892282175 54.347875
0 0
82.4068892282175 54.347875
0 0
311.126983722081 54.347875
0 0
82.4068892282175 54.347875
0 0
82.4068892282175 54.347875
0 0
82.4068892282175 54.347875
0 0
61.7354126570155 54.347875
0 0
246.941650628062 54.347875
0 0
77.7817459305202 54.347875
0 0
246.941650628062 54.347875
0 0
61.7354126570155 54.347875
0 163.043625
246.941650628062 54.347875
0 0
61.7354126570155 54.347875
0 0
92.4986056779086 54.347875
0 0
61.7354126570155 54.347875
0 163.043625
92.4986056779086 54.347875
0 0
61.7354126570155 54.347875
0 0
246.941650628062 54.347875
0 0
61.7354126570155 54.347875
0 163.043625
92.4986056779086 54.347875
0 0
61.7354126570155 54.347875
0 0
246.941650628062 54.347875
0 0
61.7354126570155 54.347875
0 163.043625
92.4986056779086 54.347875
0 0
77.7817459305202 54.347875
0 0
246.941650628062 54.347875
0 0
61.7354126570155 54.347875
0 163.043625
246.941650628062 54.347875
0 0
61.7354126570155 54.347875
0 0
92.4986056779086 54.347875
0 0
61.7354126570155 54.347875
0 0
92.4986056779086 54.347875
0 0
311.126983722081 54.347875
0 54.347875
61.7354126570155 54.347875
0 0
77.7817459305202 0
0 163.043625
92.4986056779086 54.347875
0 0
246.941650628062 0
0 163.043625
311.126983722081 54.347875
0 0
246.941650628062 54.347875
0 0
311.126983722081 54.347875
0 54.347875
77.7817459305202 54.347875
0 0
61.7354126570155 0
0 163.043625
92.4986056779086 54.347875
0 0
246.941650628062 0
0 163.043625
61.7354126570155 54.347875
0 163.043625
246.941650628062 54.347875
0 0
61.7354126570155 54.347875
0 0
92.4986056779086 54.347875
0 0
61.7354126570155 54.347875
0 163.043625
92.4986056779086 54.347875
0 0
77.7817459305202 54.347875
0 0
246.941650628062 54.347875
0 0
61.7354126570155 54.347875
0 163.043625
246.941650628062 54.347875
0 0
77.7817459305202 54.347875
0 0
92.4986056779086 54.347875
0 0
61.7354126570155 54.347875
0 163.043625
246.941650628062 54.347875
0 0
77.7817459305202 54.347875
0 0
92.4986056779086 54.347875
0 0
61.7354126570155 54.347875
0 163.043625
92.4986056779086 54.347875
0 0
77.7817459305202 54.347875
0 0
92.4986056779086 54.347875
0 0
61.7354126570155 54.347875
0 163.043625
246.941650628062 54.347875
0 0
61.7354126570155 54.347875
0 0
246.941650628062 54.347875
0 0
61.7354126570155 54.347875
0 0
246.941650628062 54.347875
0 0
311.126983722081 54.347875
0 54.347875
61.7354126570155 54.347875
0 0
311.126983722081 0
0 163.043625
311.126983722081 54.347875
0 0
92.4986056779086 0
0 163.043625
61.7354126570155 54.347875
0 0
92.4986056779086 54.347875
0 0
311.126983722081 54.347875
0 54.347875
61.7354126570155 54.347875
0 0
77.7817459305202 0
0 163.043625
92.4986056779086 54.347875
0 0
311.126983722081 0
0 163.043625
138.591315488436 54.347875
0 163.043625
246.941650628062 54.347875
0 0
92.4986056779086 163.043625
0 0
77.7817459305202 54.347875
0 0
246.941650628062 54.347875
0 0
61.7354126570155 54.347875
0 163.043625
92.4986056779086 54.347875
0 0
61.7354126570155 54.347875
0 0
246.941650628062 54.347875
0 0
61.7354126570155 54.347875
0 163.043625
246.941650628062 54.347875
0 0
77.7817459305202 54.347875
0 0
92.4986056779086 54.347875
0 0
61.7354126570155 54.347875
0 163.043625
246.941650628062 54.347875
0 0
61.7354126570155 54.347875
0 0
92.4986056779086 54.347875
0 0
61.7354126570155 54.347875
0 163.043625
92.4986056779086 54.347875
0 0
61.7354126570155 54.347875
0 0
246.941650628062 54.347875
0 0
61.7354126570155 54.347875
0 163.043625
246.941650628062 54.347875
0 0
61.7354126570155 54.347875
0 0
92.4986056779086 54.347875
0 0
311.126983722081 54.347875
0 0
92.4986056779086 54.347875
0 0
311.126983722081 54.347875
0 54.347875
311.126983722081 54.347875
0 0
77.7817459305202 0
0 163.043625
246.941650628062 54.347875
0 0
311.126983722081 0
0 163.043625
61.7354126570155 54.347875
0 0
246.941650628062 54.347875
0 0
311.126983722081 54.347875
0 54.347875
311.126983722081 54.347875
0 0
77.7817459305202 0
0 163.043625
246.941650628062 54.347875
0 0
92.4986056779086 0
0 163.043625
61.7354126570155 54.347875
0 163.043625
246.941650628062 54.347875
0 0
77.7817459305202 54.347875
0 0
92.4986056779086 54.347875
0 0
61.7354126570155 54.347875
0 163.043625
92.4986056779086 54.347875
0 0
77.7817459305202 54.347875
0 0
92.4986056779086 54.347875
0 0
61.7354126570155 54.347875
0 163.043625
92.4986056779086 54.347875
0 0
77.7817459305202 54.347875
0 0
246.941650628062 54.347875
0 0
61.7354126570155 54.347875
0 163.043625
92.4986056779086 54.347875
0 0
77.7817459305202 54.347875
0 0
246.941650628062 54.347875
0 0
61.7354126570155 54.347875
0 163.043625
92.4986056779086 54.347875
0 0
77.7817459305202 54.347875
0 0
246.941650628062 54.347875
0 0
61.7354126570155 54.347875
0 163.043625
246.941650628062 54.347875
0 0
77.7817459305202 54.347875
0 0
92.4986056779086 54.347875
0 0
311.126983722081 54.347875
0 0
246.941650628062 54.347875
0 0
311.126983722081 54.347875
0 54.347875
311.126983722081 54.347875
0 0
77.7817459305202 0
0 163.043625
92.4986056779086 54.347875
0 0
311.126983722081 0
0 163.043625
311.126983722081 54.347875
0 0
92.4986056779086 54.347875
0 0
311.126983722081 54.347875
0 54.347875
61.7354126570155 54.347875
0 0
77.7817459305202 0
0 163.043625
92.4986056779086 54.347875
0 0
311.126983722081 0
0 163.043625
61.7354126570155 54.347875
0 0
92.4986056779086 54.347875
0 0
77.7817459305202 54.347875
0 0
246.941650628062 54.347875
0 0
61.7354126570155 54.347875
0 163.043625
92.4986056779086 54.347875
0 0
61.7354126570155 54.347875
0 0
246.941650628062 54.347875
0 0
61.7354126570155 54.347875
0 163.043625
246.941650628062 54.347875
0 0
61.7354126570155 54.347875
0 0
92.4986056779086 54.347875
0 0
61.7354126570155 54.347875
0 163.043625
246.941650628062 54.347875
0 0
61.7354126570155 54.347875
0 0
92.4986056779086 54.347875
0 0
61.7354126570155 54.347875
0 163.043625
92.4986056779086 54.347875
0 0
61.7354126570155 54.347875
0 0
92.4986056779086 54.347875
0 0
61.7354126570155 54.347875
0 163.043625
92.4986056779086 54.347875
0 0
61.7354126570155 54.347875
0 0
246.941650628062 54.347875
0 0
61.7354126570155 54.347875
0 163.043625
246.941650628062 54.347875
0 0
77.7817459305202 54.347875
0 0
92.4986056779086 54.347875
0 0
61.7354126570155 54.347875
0 163.043625
92.4986056779086 54.347875
0 0
61.7354126570155 54.347875
0 0
92.4986056779086 54.347875
0 0
61.7354126570155 54.347875
0 163.043625
246.941650628062 54.347875
0 0
61.7354126570155 54.347875
0 0
246.941650628062 54.347875
0 0
61.7354126570155 54.347875
0 163.043625
92.4986056779086 54.347875
0 0
61.7354126570155 54.347875
0 0
246.941650628062 54.347875
0 0
61.7354126570155 54.347875
0 163.043625
246.941650628062 54.347875
0 0
61.7354126570155 54.347875
0 0
246.941650628062 54.347875
0 0
61.7354126570155 54.347875
0 163.043625
246.941650628062 54.347875
0 0
77.7817459305202 54.347875
0 0
246.941650628062 54.347875
0 0
61.7354126570155 54.347875
0 163.043625
246.941650628062 54.347875
0 0
77.7817459305202 54.347875
0 0
92.4986056779086 54.347875
0 0
61.7354126570155 54.347875
0 163.043625
246.941650628062 54.347875
0 0
61.7354126570155 54.347875
0 0
92.4986056779086 54.347875
0 0
61.7354126570155 54.347875
0 163.043625
92.4986056779086 54.347875
0 0
77.7817459305202 54.347875
0 0
92.4986056779086 54.347875
0 0
61.7354126570155 54.347875
0 163.043625
92.4986056779086 54.347875
0 0
61.7354126570155 54.347875
0 0
246.941650628062 54.347875
0 0
61.7354126570155 54.347875
0 0
82.4068892282175 54.347875
0 54.347875
246.941650628062 54.347875
0 0
92.4986056779086 0
0 54.347875
82.4068892282175 54.347875
0 54.347875
77.7817459305202 54.347875
0 0
82.4068892282175 0
0 54.347875
82.4068892282175 54.347875
0 54.347875
82.4068892282175 54.347875
0 0
92.4986056779086 0
0 54.347875
82.4068892282175 54.347875
0 54.347875
82.4068892282175 54.347875
0 0
82.4068892282175 54.347875
0 54.347875
246.941650628062 54.347875
0 0
82.4068892282175 0
0 54.347875
82.4068892282175 54.347875
0 54.347875
77.7817459305202 54.347875
0 0
82.4068892282175 0
0 54.347875
82.4068892282175 54.347875
0 54.347875
82.4068892282175 54.347875
0 0
92.4986056779086 0
0 54.347875
82.4068892282175 54.347875
0 54.347875
61.7354126570155 54.347875
0 0
82.4068892282175 54.347875
0 54.347875
92.4986056779086 54.347875
0 0
82.4068892282175 0
0 54.347875
82.4068892282175 54.347875
0 54.347875
61.7354126570155 54.347875
0 0
77.7817459305202 0
0 54.347875
82.4068892282175 54.347875
0 54.347875
246.941650628062 54.347875
0 0
82.4068892282175 0
0 54.347875
82.4068892282175 54.347875
0 54.347875
82.4068892282175 54.347875
0 0
82.4068892282175 54.347875
0 54.347875
246.941650628062 54.347875
0 0
92.4986056779086 0
0 54.347875
82.4068892282175 54.347875
0 54.347875
77.7817459305202 54.347875
0 0
61.7354126570155 0
0 54.347875
82.4068892282175 54.347875
0 54.347875
246.941650628062 54.347875
0 0
82.4068892282175 0
0 54.347875
82.4068892282175 54.347875
0 54.347875
82.4068892282175 54.347875
0 0
82.4068892282175 54.347875
0 54.347875
92.4986056779086 54.347875
0 0
82.4068892282175 0
0 54.347875
82.4068892282175 54.347875
0 54.347875
82.4068892282175 54.347875
0 0
77.7817459305202 0
0 54.347875
82.4068892282175 54.347875
0 54.347875
92.4986056779086 54.347875
0 0
246.941650628062 0
0 54.347875
82.4068892282175 54.347875
0 54.347875
61.7354126570155 54.347875
0 0
82.4068892282175 54.347875
0 54.347875
92.4986056779086 54.347875
0 0
246.941650628062 0
0 54.347875
82.4068892282175 54.347875
0 54.347875
82.4068892282175 54.347875
0 0
77.7817459305202 0
0 54.347875
82.4068892282175 54.347875
0 54.347875
92.4986056779086 54.347875
0 0
82.4068892282175 0
0 54.347875
82.4068892282175 54.347875
0 54.347875
82.4068892282175 54.347875
0 0
220 0
0 0
82.4068892282175 54.347875
0 0
82.4068892282175 54.347875
0 0
82.4068892282175 54.347875
0 0
246.941650628062 54.347875
0 0
82.4068892282175 0
0 0
82.4068892282175 54.347875
0 0
82.4068892282175 54.347875
0 0
82.4068892282175 54.347875
0 0
61.7354126570155 54.347875
0 0
82.4068892282175 54.347875
0 0
82.4068892282175 54.347875
0 0
82.4068892282175 54.347875
0 0
246.941650628062 54.347875
0 0
92.4986056779086 0
0 0
82.4068892282175 54.347875
0 0
82.4068892282175 54.347875
0 0
82.4068892282175 54.347875
0 0
220 54.347875
0 0
82.4068892282175 0
0 0
82.4068892282175 54.347875
0 0
82.4068892282175 54.347875
0 0
82.4068892282175 54.347875
0 0
246.941650628062 54.347875
0 0
92.4986056779086 0
0 0
82.4068892282175 54.347875
0 0
82.4068892282175 54.347875
0 0
82.4068892282175 54.347875
0 0
138.591315488436 54.347875
0 0
61.7354126570155 0
0 0
82.4068892282175 54.347875
0 0
82.4068892282175 54.347875
0 0
82.4068892282175 54.347875
0 0
246.941650628062 54.347875
0 0
82.4068892282175 54.347875
0 0
82.4068892282175 54.347875
0 0
82.4068892282175 54.347875
0 0
220 54.347875
0 0
246.941650628062 54.347875
0 0
92.4986056779086 163.043625
0 0
61.7354126570155 54.347875
0 0
92.4986056779086 54.347875
0 0
61.7354126570155 54.347875
0 163.043625
246.941650628062 54.347875
0 0
77.7817459305202 54.347875
0 0
246.941650628062 54.347875
0 0
61.7354126570155 54.347875
0 163.043625
92.4986056779086 54.347875
0 0
61.7354126570155 54.347875
0 0
92.4986056779086 54.347875
0 0
61.7354126570155 54.347875
0 163.043625
92.4986056779086 54.347875
0 0
61.7354126570155 54.347875
0 0
92.4986056779086 54.347875
0 0
61.7354126570155 54.347875
0 163.043625
246.941650628062 54.347875
0 0
61.7354126570155 54.347875
0 0
246.941650628062 54.347875
0 0
61.7354126570155 54.347875
0 163.043625
92.4986056779086 54.347875
0 0
61.7354126570155 54.347875
0 0
246.941650628062 54.347875
0 0
61.7354126570155 54.347875
0 0
246.941650628062 54.347875
0 0
311.126983722081 54.347875
0 54.347875
311.126983722081 54.347875
0 0
61.7354126570155 0
0 163.043625
246.941650628062 54.347875
0 0
92.4986056779086 0
0 163.043625
61.7354126570155 54.347875
0 0
92.4986056779086 54.347875
0 0
311.126983722081 54.347875
0 54.347875
77.7817459305202 54.347875
0 0
311.126983722081 0
0 163.043625
311.126983722081 54.347875
0 0
92.4986056779086 0
0 163.043625
61.7354126570155 54.347875
0 163.043625
246.941650628062 54.347875
0 0
77.7817459305202 54.347875
0 0
92.4986056779086 54.347875
0 0
61.7354126570155 54.347875
0 163.043625
246.941650628062 54.347875
0 0
61.7354126570155 54.347875
0 0
92.4986056779086 54.347875
0 0
61.7354126570155 54.347875
0 163.043625
246.941650628062 54.347875
0 0
77.7817459305202 54.347875
0 0
246.941650628062 54.347875
0 0
61.7354126570155 54.347875
0 163.043625
92.4986056779086 54.347875
0 0
61.7354126570155 54.347875
0 0
92.4986056779086 54.347875
0 0
61.7354126570155 54.347875
0 163.043625
92.4986056779086 54.347875
0 0
77.7817459305202 54.347875
0 0
92.4986056779086 54.347875
0 0
61.7354126570155 54.347875
0 163.043625
246.941650628062 54.347875
0 0
61.7354126570155 54.347875
0 0
246.941650628062 54.347875
0 0
61.7354126570155 54.347875
0 0
246.941650628062 54.347875
0 0
311.126983722081 54.347875
0 54.347875
61.7354126570155 54.347875
0 0
77.7817459305202 0
0 163.043625
311.126983722081 54.347875
0 0
246.941650628062 0
0 163.043625
311.126983722081 54.347875
0 0
92.4986056779086 54.347875
0 0
311.126983722081 54.347875
0 54.347875
61.7354126570155 54.347875
0 0
311.126983722081 0
0 163.043625
246.941650628062 54.347875
0 0
92.4986056779086 0
0 163.043625
61.7354126570155 54.347875
0 163.043625
92.4986056779086 54.347875
0 0
246.941650628062 163.043625
0 0
61.7354126570155 54.347875
0 0
246.941650628062 54.347875
0 0
61.7354126570155 54.347875
0 163.043625
246.941650628062 54.347875
0 0
77.7817459305202 54.347875
0 0
246.941650628062 54.347875
0 0
61.7354126570155 54.347875
0 163.043625
246.941650628062 54.347875
0 0
77.7817459305202 54.347875
0 0
92.4986056779086 54.347875
0 0
61.7354126570155 54.347875
0 163.043625
92.4986056779086 54.347875
0 0
61.7354126570155 54.347875
0 0
92.4986056779086 54.347875
0 0
61.7354126570155 54.347875
0 163.043625
92.4986056779086 54.347875
0 0
61.7354126570155 54.347875
0 0
246.941650628062 54.347875
0 0
61.7354126570155 54.347875
0 163.043625
92.4986056779086 54.347875
0 0
77.7817459305202 54.347875
0 0
92.4986056779086 54.347875
0 0
61.7354126570155 54.347875
0 0
92.4986056779086 54.347875
0 0
311.126983722081 54.347875
0 54.347875
77.7817459305202 54.347875
0 0
311.126983722081 0
0 163.043625
311.126983722081 54.347875
0 0
246.941650628062 0
0 163.043625
311.126983722081 54.347875
0 0
246.941650628062 54.347875
0 0
311.126983722081 54.347875
0 54.347875
311.126983722081 54.347875
0 0
77.7817459305202 0
0 163.043625
92.4986056779086 54.347875
0 0
246.941650628062 0
0 163.043625
61.7354126570155 54.347875
0 163.043625
246.941650628062 54.347875
0 0
77.7817459305202 54.347875
0 0
92.4986056779086 54.347875
0 0
61.7354126570155 54.347875
0 163.043625
246.941650628062 54.347875
0 0
77.7817459305202 54.347875
0 0
92.4986056779086 54.347875
0 0
61.7354126570155 54.347875
0 163.043625
246.941650628062 54.347875
0 0
77.7817459305202 54.347875
0 0
246.941650628062 54.347875
0 0
61.7354126570155 54.347875
0 163.043625
92.4986056779086 54.347875
0 0
61.7354126570155 54.347875
0 0
246.941650628062 54.347875
0 0
61.7354126570155 54.347875
0 163.043625
92.4986056779086 54.347875
0 0
61.7354126570155 54.347875
0 0
246.941650628062 54.347875
0 0
61.7354126570155 54.347875
0 163.043625
92.4986056779086 54.347875
0 0
77.7817459305202 54.347875
0 0
246.941650628062 54.347875
0 0
311.126983722081 54.347875
0 0
246.941650628062 54.347875
0 0
311.126983722081 54.347875
0 54.347875
311.126983722081 54.347875
0 0
61.7354126570155 0
0 163.043625
246.941650628062 54.347875
0 0
311.126983722081 0
0 163.043625
61.7354126570155 54.347875
0 0
246.941650628062 54.347875
0 0
311.126983722081 54.347875
0 54.347875
61.7354126570155 54.347875
0 0
311.126983722081 0
0 163.043625
92.4986056779086 54.347875
0 0
311.126983722081 0
0 163.043625
61.7354126570155 54.347875
0 0
246.941650628062 54.347875
0 0
61.7354126570155 54.347875
0 0
92.4986056779086 54.347875
0 0
61.7354126570155 54.347875
0 163.043625
246.941650628062 54.347875
0 0
77.7817459305202 54.347875
0 0
92.4986056779086 54.347875
0 0
61.7354126570155 54.347875
0 163.043625
92.4986056779086 54.347875
0 0
77.7817459305202 54.347875
0 0
246.941650628062 54.347875
0 0
61.7354126570155 54.347875
0 163.043625
246.941650628062 54.347875
0 0
61.7354126570155 54.347875
0 0
92.4986056779086 54.347875
0 0
61.7354126570155 54.347875
0 163.043625
246.941650628062 54.347875
0 0
77.7817459305202 54.347875
0 0
92.4986056779086 54.347875
0 0
61.7354126570155 54.347875
0 163.043625
246.941650628062 54.347875
0 0
77.7817459305202 54.347875
0 0
92.4986056779086 54.347875
0 0
61.7354126570155 54.347875
0 163.043625
92.4986056779086 54.347875
0 0
77.7817459305202 54.347875
0 0
92.4986056779086 54.347875
0 0
61.7354126570155 54.347875
0 163.043625
246.941650628062 54.347875
0 0
61.7354126570155 54.347875
0 0
92.4986056779086 54.347875
0 0
61.7354126570155 54.347875
0 163.043625
246.941650628062 54.347875
0 0
61.7354126570155 54.347875
0 0
246.941650628062 54.347875
0 0
61.7354126570155 54.347875
0 163.043625
246.941650628062 54.347875
0 0
77.7817459305202 54.347875
0 0
246.941650628062 54.347875
0 0
61.7354126570155 54.347875
0 163.043625
92.4986056779086 54.347875
0 0
61.7354126570155 54.347875
0 0
246.941650628062 54.347875
0 0
61.7354126570155 54.347875
0 163.043625
246.941650628062 54.347875
0 0
77.7817459305202 54.347875
0 0
246.941650628062 54.347875
0 0
61.7354126570155 54.347875
0 163.043625
92.4986056779086 54.347875
0 0
77.7817459305202 54.347875
0 0
92.4986056779086 54.347875
0 0
61.7354126570155 54.347875
0 163.043625
246.941650628062 54.347875
0 0
77.7817459305202 54.347875
0 0
246.941650628062 54.347875
0 0
61.7354126570155 54.347875
0 163.043625
246.941650628062 54.347875
0 0
77.7817459305202 54.347875
0 0
246.941650628062 54.347875
0 0
61.7354126570155 54.347875
0 163.043625
246.941650628062 54.347875
0 0
61.7354126570155 54.347875
0 0
92.4986056779086 54.347875
0 0
61.7354126570155 54.347875
0 0
82.4068892282175 54.347875
0 54.347875
246.941650628062 54.347875
0 0
82.4068892282175 0
0 54.347875
82.4068892282175 54.347875
0 54.347875
77.7817459305202 54.347875
0 0
82.4068892282175 0
0 54.347875
82.4068892282175 54.347875
0 54.347875
92.4986056779086 54.347875
0 0
246.941650628062 0
0 54.347875
82.4068892282175 54.347875
0 54.347875
82.4068892282175 54.347875
0 0
82.4068892282175 54.347875
0 54.347875
82.4068892282175 54.347875
0 0
92.4986056779086 0
0 54.347875
82.4068892282175 54.347875
0 54.347875
77.7817459305202 54.347875
0 0
82.4068892282175 0
0 54.347875
82.4068892282175 54.347875
0 54.347875
246.941650628062 54.347875
0 0
92.4986056779086 0
0 54.347875
82.4068892282175 54.347875
0 54.347875
61.7354126570155 54.347875
0 0
82.4068892282175 54.347875
0 54.347875
92.4986056779086 54.347875
0 0
82.4068892282175 0
0 54.347875
82.4068892282175 54.347875
0 54.347875
77.7817459305202 54.347875
0 0
61.7354126570155 0
0 54.347875
82.4068892282175 54.347875
0 54.347875
92.4986056779086 54.347875
0 0
246.941650628062 0
0 54.347875
82.4068892282175 54.347875
0 54.347875
82.4068892282175 54.347875
0 0
82.4068892282175 54.347875
0 54.347875
82.4068892282175 54.347875
0 0
246.941650628062 0
0 54.347875
82.4068892282175 54.347875
0 54.347875
77.7817459305202 54.347875
0 0
61.7354126570155 0
0 54.347875
82.4068892282175 54.347875
0 54.347875
82.4068892282175 54.347875
0 0
246.941650628062 0
0 54.347875
82.4068892282175 54.347875
0 54.347875
82.4068892282175 54.347875
0 0
82.4068892282175 54.347875
0 54.347875
246.941650628062 54.347875
0 0
92.4986056779086 0
0 54.347875
82.4068892282175 54.347875
0 54.347875
77.7817459305202 54.347875
0 0
82.4068892282175 0
0 54.347875
82.4068892282175 54.347875
0 54.347875
92.4986056779086 54.347875
0 0
82.4068892282175 0
0 54.347875
82.4068892282175 54.347875
0 54.347875
61.7354126570155 54.347875
0 0
82.4068892282175 54.347875
0 54.347875
82.4068892282175 54.347875
0 0
92.4986056779086 0
0 54.347875
82.4068892282175 54.347875
0 54.347875
77.7817459305202 54.347875
0 0
82.4068892282175 0
0 54.347875
82.4068892282175 54.347875
0 54.347875
82.4068892282175 54.347875
0 0
246.941650628062 0
0 54.347875
82.4068892282175 54.347875
0 54.347875
61.7354126570155 54.347875
0 0
82.4068892282175 0
0 0
82.4068892282175 54.347875
0 0
82.4068892282175 54.347875
0 0
82.4068892282175 54.347875
0 0
92.4986056779086 54.347875
0 0
82.4068892282175 0
0 0
82.4068892282175 54.347875
0 0
82.4068892282175 54.347875
0 0
82.4068892282175 54.347875
0 0
61.7354126570155 54.347875
0 0
138.591315488436 54.347875
0 0
82.4068892282175 54.347875
0 0
82.4068892282175 54.347875
0 0
92.4986056779086 54.347875
0 0
82.4068892282175 0
0 0
82.4068892282175 54.347875
0 0
82.4068892282175 54.347875
0 0
82.4068892282175 54.347875
0 0
61.7354126570155 54.347875
0 0
82.4068892282175 0
0 0
82.4068892282175 54.347875
0 0
82.4068892282175 54.347875
0 0
82.4068892282175 54.347875
0 0
82.4068892282175 54.347875
0 0
246.941650628062 0
0 0
82.4068892282175 54.347875
0 0
82.4068892282175 54.347875
0 0
82.4068892282175 54.347875
0 0
61.7354126570155 54.347875
0 0
82.4068892282175 0
0 0
82.4068892282175 54.347875
0 0
82.4068892282175 54.347875
0 0
82.4068892282175 54.347875
0 0
82.4068892282175 54.347875
0 0
82.4068892282175 54.347875
0 0
82.4068892282175 54.347875
0 0
82.4068892282175 54.347875
0 0
220 54.347875
