0 10555.545
164.813778456435 462.9625
0 648.1475
164.813778456435 462.9625
0 648.1475
164.813778456435 462.9625
0 648.1475
164.813778456435 462.9625
0 648.1475
164.813778456435 462.9625
0 648.1475
164.813778456435 462.9625
0 648.1475
164.813778456435 462.9625
0 648.1475
164.813778456435 462.9625
0 648.1475
195.997717990875 462.9625
0 92.5925
220 2077.54421875
0 15700.21578125
195.997717990875 462.9625
0 1203.7025
87.307057858251 133.10171875
0 5.78703125
87.307057858251 133.10171875
0 5.78703125
87.307057858251 133.10171875
0 5.78703125
87.307057858251 133.10171875
0 1672.45203125
87.307057858251 133.10171875
0 5.78703125
87.307057858251 133.10171875
0 5.78703125
87.307057858251 133.10171875
0 5.78703125
87.307057858251 133.10171875
0 1672.45203125
87.307057858251 133.10171875
0 5.78703125
87.307057858251 133.10171875
0 5.78703125
87.307057858251 133.10171875
0 5.78703125
87.307057858251 133.10171875
0 1672.45203125
87.307057858251 133.10171875
0 5.78703125
87.307057858251 133.10171875
0 5.78703125
87.307057858251 133.10171875
0 5.78703125
87.307057858251 133.10171875
0 5.78703125
195.997717990875 462.9625
0 1203.7025
87.307057858251 133.10171875
0 5.78703125
87.307057858251 133.10171875
0 5.78703125
87.307057858251 133.10171875
0 5.78703125
87.307057858251 133.10171875
0 1672.45203125
87.307057858251 133.10171875
0 5.78703125
87.307057858251 133.10171875
0 5.78703125
87.307057858251 133.10171875
0 5.78703125
87.307057858251 133.10171875
0 2228.00703125
92.4986056779086 271.99046875
0 5.78703125
92.4986056779086 271.99046875
0 5.78703125
92.4986056779086 271.99046875
0 5.78703125
92.4986056779086 271.99046875
0 5.78703125
92.4986056779086 271.99046875
0 5.78703125
92.4986056779086 271.99046875
0 5.78703125
92.4986056779086 271.99046875
0 5.78703125
92.4986056779086 271.99046875
0 17783.54703125
195.997717990875 462.9625
0 1203.7025
87.307057858251 133.10171875
0 5.78703125
87.307057858251 133.10171875
0 5.78703125
87.307057858251 133.10171875
0 5.78703125
87.307057858251 133.10171875
0 1672.45203125
87.307057858251 133.10171875
0 5.78703125
87.307057858251 133.10171875
0 5.78703125
87.307057858251 133.10171875
0 5.78703125
87.307057858251 133.10171875
0 1672.45203125
87.307057858251 133.10171875
0 5.78703125
87.307057858251 133.10171875
0 5.78703125
87.307057858251 133.10171875
0 5.78703125
87.307057858251 133.10171875
0 1672.45203125
87.307057858251 133.10171875
0 5.78703125
87.307057858251 133.10171875
0 5.78703125
87.307057858251 133.10171875
0 5.78703125
87.307057858251 133.10171875
0 5.78703125
195.997717990875 462.9625
0 1203.7025
87.307057858251 133.10171875
0 5.78703125
87.307057858251 133.10171875
0 5.78703125
87.307057858251 133.10171875
0 5.78703125
87.307057858251 133.10171875
0 1672.45203125
87.307057858251 133.10171875
0 5.78703125
87.307057858251 133.10171875
0 5.78703125
87.307057858251 133.10171875
0 5.78703125
87.307057858251 133.10171875
0 2228.00703125
92.4986056779086 271.99046875
0 5.78703125
92.4986056779086 271.99046875
0 5.78703125
92.4986056779086 271.99046875
0 5.78703125
92.4986056779086 271.99046875
0 5.78703125
92.4986056779086 271.99046875
0 561.34203125
116.540940379522 271.99046875
0 17783.54703125
195.997717990875 462.9625
0 1203.7025
87.307057858251 133.10171875
0 5.78703125
87.307057858251 133.10171875
0 5.78703125
87.307057858251 133.10171875
0 5.78703125
87.307057858251 133.10171875
0 1672.45203125
87.307057858251 133.10171875
0 5.78703125
87.307057858251 133.10171875
0 5.78703125
87.307057858251 133.10171875
0 5.78703125
87.307057858251 133.10171875
0 1672.45203125
87.307057858251 133.10171875
0 5.78703125
87.307057858251 133.10171875
0 5.78703125
87.307057858251 133.10171875
0 5.78703125
87.307057858251 133.10171875
0 1672.45203125
87.307057858251 133.10171875
0 5.78703125
87.307057858251 133.10171875
0 5.78703125
87.307057858251 133.10171875
0 5.78703125
87.307057858251 133.10171875
0 5.78703125
195.997717990875 462.9625
0 1203.7025
87.307057858251 133.10171875
0 5.78703125
87.307057858251 133.10171875
0 5.78703125
87.307057858251 133.10171875
0 5.78703125
87.307057858251 133.10171875
0 1672.45203125
87.307057858251 133.10171875
0 5.78703125
87.307057858251 133.10171875
0 5.78703125
87.307057858251 133.10171875
0 5.78703125
87.307057858251 133.10171875
0 37783.52703125
195.997717990875 462.9625
0 1203.7025
87.307057858251 133.10171875
0 5.78703125
87.307057858251 133.10171875
0 5.78703125
87.307057858251 133.10171875
0 5.78703125
87.307057858251 133.10171875
0 1672.45203125
87.307057858251 133.10171875
0 5.78703125
87.307057858251 133.10171875
0 5.78703125
87.307057858251 133.10171875
0 5.78703125
87.307057858251 133.10171875
0 1672.45203125
87.307057858251 133.10171875
0 5.78703125
87.307057858251 133.10171875
0 5.78703125
87.307057858251 133.10171875
0 5.78703125
87.307057858251 133.10171875
0 1672.45203125
87.307057858251 133.10171875
0 5.78703125
87.307057858251 133.10171875
0 5.78703125
87.307057858251 133.10171875
0 5.78703125
87.307057858251 133.10171875
0 5.78703125
195.997717990875 462.9625
0 1203.7025
87.307057858251 133.10171875
0 5.78703125
87.307057858251 133.10171875
0 5.78703125
87.307057858251 133.10171875
0 5.78703125
87.307057858251 133.10171875
0 1672.45203125
87.307057858251 133.10171875
0 5.78703125
87.307057858251 133.10171875
0 5.78703125
87.307057858251 133.10171875
0 5.78703125
87.307057858251 133.10171875
0 1672.45203125
87.307057858251 133.10171875
0 5.78703125
87.307057858251 133.10171875
0 5.78703125
87.307057858251 133.10171875
0 5.78703125
87.307057858251 133.10171875
0 1672.45203125
87.307057858251 133.10171875
0 5.78703125
87.307057858251 133.10171875
0 5.78703125
87.307057858251 133.10171875
0 5.78703125
87.307057858251 133.10171875
0 5.78703125
195.997717990875 462.9625
0 1203.7025
87.307057858251 133.10171875
0 5.78703125
87.307057858251 133.10171875
0 5.78703125
87.307057858251 133.10171875
0 5.78703125
87.307057858251 133.10171875
0 1672.45203125
87.307057858251 133.10171875
0 5.78703125
87.307057858251 133.10171875
0 5.78703125
87.307057858251 133.10171875
0 5.78703125
87.307057858251 133.10171875
0 1672.45203125
87.307057858251 271.99046875
0 5.78703125
87.307057858251 271.99046875
