0 91111.02
138.591315488436 271.99046875
0 33061.30953125
92.4986056779086 271.99046875
0 5.78703125
233.081880759045 271.99046875
0 5.78703125
184.997211355817 271.99046875
0 5.78703125
130.812782650299 271.99046875
0 5.78703125
138.591315488436 271.99046875
0 5.78703125
233.081880759045 271.99046875
0 5.78703125
207.652348789973 271.99046875
0 5.78703125
369.994422711634 271.99046875
0 0
103.826174394986 271.99046875
0 5.78703125
233.081880759045 271.99046875
0 5.78703125
184.997211355817 271.99046875
0 5.78703125
116.540940379522 271.99046875
0 5.78703125
123.470825314031 271.99046875
0 5.78703125
233.081880759045 271.99046875
0 5.78703125
184.997211355817 271.99046875
0 5.78703125
277.182630976872 271.99046875
0 0
92.4986056779086 271.99046875
0 5.78703125
233.081880759045 271.99046875
0 5.78703125
184.997211355817 271.99046875
0 5.78703125
130.812782650299 271.99046875
0 5.78703125
138.591315488436 271.99046875
0 5.78703125
233.081880759045 271.99046875
0 5.78703125
207.652348789973 271.99046875
0 5.78703125
369.994422711634 271.99046875
0 0
103.826174394986 271.99046875
0 5.78703125
233.081880759045 271.99046875
0 5.78703125
184.997211355817 271.99046875
0 5.78703125
116.540940379522 271.99046875
0 5.78703125
123.470825314031 271.99046875
0 5.78703125
233.081880759045 271.99046875
0 5.78703125
184.997211355817 271.99046875
0 5.78703125
277.182630976872 271.99046875
0 0
92.4986056779086 271.99046875
0 5.78703125
233.081880759045 271.99046875
0 5.78703125
184.997211355817 271.99046875
0 5.78703125
130.812782650299 271.99046875
0 5.78703125
138.591315488436 271.99046875
0 5.78703125
233.081880759045 271.99046875
0 5.78703125
207.652348789973 271.99046875
0 5.78703125
369.994422711634 271.99046875
0 0
103.826174394986 271.99046875
0 5.78703125
233.081880759045 271.99046875
0 5.78703125
184.997211355817 271.99046875
0 5.78703125
116.540940379522 271.99046875
0 5.78703125
123.470825314031 271.99046875
0 5.78703125
233.081880759045 271.99046875
0 5.78703125
184.997211355817 271.99046875
0 5.78703125
277.182630976872 271.99046875
0 0
92.4986056779086 271.99046875
0 5.78703125
233.081880759045 271.99046875
0 5.78703125
184.997211355817 271.99046875
0 5.78703125
130.812782650299 271.99046875
0 5.78703125
138.591315488436 271.99046875
0 5.78703125
233.081880759045 271.99046875
0 5.78703125
207.652348789973 271.99046875
0 5.78703125
369.994422711634 271.99046875
0 0
92.4986056779086 271.99046875
0 5.78703125
138.591315488436 271.99046875
0 5.78703125
184.997211355817 271.99046875
0 5.78703125
138.591315488436 271.99046875
0 5.78703125
123.470825314031 271.99046875
0 5.78703125
155.56349186104 271.99046875
0 5.78703125
184.997211355817 271.99046875
0 5.78703125
155.56349186104 271.99046875
0 5.78703125
130.812782650299 271.99046875
0 5.78703125
155.56349186104 271.99046875
0 5.78703125
184.997211355817 271.99046875
0 5.78703125
155.56349186104 271.99046875
0 5.78703125
123.470825314031 271.99046875
0 5.78703125
155.56349186104 271.99046875
0 5.78703125
184.997211355817 271.99046875
0 5.78703125
155.56349186104 271.99046875
0 5.78703125
92.4986056779086 271.99046875
0 5.78703125
138.591315488436 271.99046875
0 5.78703125
184.997211355817 271.99046875
0 5.78703125
138.591315488436 271.99046875
0 5.78703125
123.470825314031 271.99046875
0 5.78703125
155.56349186104 271.99046875
0 5.78703125
184.997211355817 271.99046875
0 5.78703125
155.56349186104 271.99046875
0 5.78703125
130.812782650299 271.99046875
0 5.78703125
155.56349186104 271.99046875
0 5.78703125
184.997211355817 271.99046875
0 5.78703125
155.56349186104 271.99046875
0 5.78703125
123.470825314031 271.99046875
0 5.78703125
155.56349186104 271.99046875
0 5.78703125
184.997211355817 271.99046875
0 5.78703125
155.56349186104 271.99046875
0 5.78703125
92.4986056779086 271.99046875
0 5.78703125
138.591315488436 271.99046875
0 5.78703125
184.997211355817 271.99046875
0 5.78703125
138.591315488436 271.99046875
0 5.78703125
123.470825314031 271.99046875
0 5.78703125
155.56349186104 271.99046875
0 5.78703125
184.997211355817 271.99046875
0 5.78703125
155.56349186104 271.99046875
0 5.78703125
130.812782650299 271.99046875
0 5.78703125
155.56349186104 271.99046875
0 5.78703125
184.997211355817 271.99046875
0 5.78703125
155.56349186104 271.99046875
0 5.78703125
123.470825314031 271.99046875
0 5.78703125
155.56349186104 271.99046875
0 5.78703125
184.997211355817 271.99046875
0 5.78703125
155.56349186104 271.99046875
0 5.78703125
92.4986056779086 271.99046875
0 5.78703125
138.591315488436 271.99046875
0 5.78703125
184.997211355817 271.99046875
0 5.78703125
138.591315488436 271.99046875
0 5.78703125
123.470825314031 271.99046875
0 5.78703125
155.56349186104 271.99046875
0 5.78703125
184.997211355817 271.99046875
0 5.78703125
155.56349186104 271.99046875
0 5.78703125
130.812782650299 271.99046875
0 5.78703125
155.56349186104 271.99046875
0 5.78703125
184.997211355817 271.99046875
0 5.78703125
155.56349186104 271.99046875
0 5.78703125
123.470825314031 271.99046875
0 5.78703125
155.56349186104 271.99046875
0 25005.76203125
184.997211355817 2077.54421875
0 0
123.470825314031 0
