0 2222.22
46.2493028389543 271.99046875
0 561.34203125
65.4063913251497 271.99046875
0 5.78703125
69.295657744218 271.99046875
0 561.34203125
77.7817459305202 271.99046875
0 5.78703125
51.9130871974931 271.99046875
0 561.34203125
58.2704701897612 271.99046875
0 5.78703125
61.7354126570155 271.99046875
0 561.34203125
69.295657744218 271.99046875
0 5.78703125
46.2493028389543 271.99046875
0 561.34203125
65.4063913251497 271.99046875
0 5.78703125
69.295657744218 271.99046875
0 561.34203125
77.7817459305202 271.99046875
0 5.78703125
51.9130871974931 271.99046875
0 561.34203125
58.2704701897612 271.99046875
0 5.78703125
61.7354126570155 271.99046875
0 561.34203125
69.295657744218 271.99046875
0 5.78703125
46.2493028389543 271.99046875
0 561.34203125
65.4063913251497 271.99046875
0 5.78703125
69.295657744218 271.99046875
0 561.34203125
77.7817459305202 271.99046875
0 5.78703125
51.9130871974931 271.99046875
0 561.34203125
58.2704701897612 271.99046875
0 5.78703125
61.7354126570155 271.99046875
0 561.34203125
69.295657744218 271.99046875
0 5.78703125
46.2493028389543 271.99046875
0 561.34203125
65.4063913251497 271.99046875
0 5.78703125
69.295657744218 271.99046875
0 561.34203125
77.7817459305202 271.99046875
0 5.78703125
51.9130871974931 271.99046875
0 561.34203125
58.2704701897612 271.99046875
0 5.78703125
61.7354126570155 271.99046875
0 561.34203125
69.295657744218 271.99046875
0 5.78703125
46.2493028389543 271.99046875
0 561.34203125
65.4063913251497 271.99046875
0 5.78703125
69.295657744218 271.99046875
0 561.34203125
77.7817459305202 271.99046875
0 5.78703125
51.9130871974931 271.99046875
0 561.34203125
58.2704701897612 271.99046875
0 5.78703125
61.7354126570155 271.99046875
0 561.34203125
69.295657744218 271.99046875
0 5.78703125
46.2493028389543 271.99046875
0 561.34203125
65.4063913251497 271.99046875
0 5.78703125
69.295657744218 271.99046875
0 561.34203125
77.7817459305202 271.99046875
0 5.78703125
51.9130871974931 271.99046875
0 561.34203125
58.2704701897612 271.99046875
0 5.78703125
61.7354126570155 271.99046875
0 561.34203125
69.295657744218 271.99046875
0 5.78703125
46.2493028389543 271.99046875
0 561.34203125
65.4063913251497 271.99046875
0 5.78703125
69.295657744218 271.99046875
0 561.34203125
77.7817459305202 271.99046875
0 5.78703125
51.9130871974931 271.99046875
0 561.34203125
58.2704701897612 271.99046875
0 5.78703125
61.7354126570155 271.99046875
0 561.34203125
69.295657744218 271.99046875
0 5.78703125
46.2493028389543 271.99046875
0 561.34203125
65.4063913251497 271.99046875
0 5.78703125
69.295657744218 271.99046875
0 561.34203125
77.7817459305202 271.99046875
0 5.78703125
51.9130871974931 271.99046875
0 561.34203125
58.2704701897612 271.99046875
0 5.78703125
61.7354126570155 271.99046875
0 283.56453125
77.7817459305202 410.87921875
0 5.78703125
87.307057858251 133.10171875
0 5.78703125
92.4986056779086 271.99046875
0 5.78703125
92.4986056779086 271.99046875
0 5.78703125
92.4986056779086 271.99046875
0 5.78703125
92.4986056779086 271.99046875
0 5.78703125
123.470825314031 271.99046875
0 5.78703125
123.470825314031 271.99046875
0 5.78703125
123.470825314031 271.99046875
0 5.78703125
123.470825314031 271.99046875
0 5.78703125
130.812782650299 271.99046875
0 5.78703125
130.812782650299 271.99046875
0 5.78703125
130.812782650299 271.99046875
0 5.78703125
130.812782650299 271.99046875
0 5.78703125
123.470825314031 271.99046875
0 5.78703125
123.470825314031 271.99046875
0 5.78703125
123.470825314031 271.99046875
0 5.78703125
123.470825314031 271.99046875
0 5.78703125
92.4986056779086 271.99046875
0 5.78703125
92.4986056779086 271.99046875
0 5.78703125
92.4986056779086 271.99046875
0 5.78703125
92.4986056779086 271.99046875
0 5.78703125
123.470825314031 271.99046875
0 5.78703125
123.470825314031 271.99046875
0 5.78703125
123.470825314031 271.99046875
0 5.78703125
123.470825314031 271.99046875
0 5.78703125
130.812782650299 271.99046875
0 5.78703125
130.812782650299 271.99046875
0 5.78703125
130.812782650299 271.99046875
0 5.78703125
130.812782650299 271.99046875
0 5.78703125
123.470825314031 271.99046875
0 5.78703125
123.470825314031 271.99046875
0 5.78703125
123.470825314031 271.99046875
0 5.78703125
123.470825314031 271.99046875
0 5.78703125
92.4986056779086 271.99046875
0 5.78703125
92.4986056779086 271.99046875
0 5.78703125
92.4986056779086 271.99046875
0 5.78703125
92.4986056779086 271.99046875
0 5.78703125
123.470825314031 271.99046875
0 5.78703125
123.470825314031 271.99046875
0 5.78703125
123.470825314031 271.99046875
0 5.78703125
123.470825314031 271.99046875
0 5.78703125
130.812782650299 271.99046875
0 5.78703125
130.812782650299 271.99046875
0 5.78703125
130.812782650299 271.99046875
0 5.78703125
130.812782650299 271.99046875
0 5.78703125
123.470825314031 271.99046875
0 5.78703125
123.470825314031 271.99046875
0 5.78703125
123.470825314031 271.99046875
0 5.78703125
123.470825314031 271.99046875
0 5.78703125
92.4986056779086 271.99046875
0 5.78703125
92.4986056779086 271.99046875
0 5.78703125
92.4986056779086 271.99046875
0 5.78703125
92.4986056779086 271.99046875
0 5.78703125
82.4068892282175 271.99046875
0 5.78703125
82.4068892282175 271.99046875
0 5.78703125
82.4068892282175 271.99046875
0 5.78703125
82.4068892282175 271.99046875
0 5.78703125
123.470825314031 2077.54421875
0 144.67578125
46.2493028389543 271.99046875
0 561.34203125
65.4063913251497 271.99046875
0 5.78703125
69.295657744218 271.99046875
0 561.34203125
77.7817459305202 271.99046875
0 5.78703125
51.9130871974931 271.99046875
0 561.34203125
58.2704701897612 271.99046875
0 5.78703125
61.7354126570155 271.99046875
0 561.34203125
69.295657744218 271.99046875
0 5.78703125
46.2493028389543 271.99046875
0 561.34203125
65.4063913251497 271.99046875
0 5.78703125
69.295657744218 271.99046875
0 561.34203125
77.7817459305202 271.99046875
0 5.78703125
51.9130871974931 271.99046875
0 561.34203125
58.2704701897612 271.99046875
0 5.78703125
61.7354126570155 271.99046875
0 561.34203125
69.295657744218 271.99046875
0 5.78703125
46.2493028389543 271.99046875
0 561.34203125
65.4063913251497 271.99046875
0 5.78703125
69.295657744218 271.99046875
0 561.34203125
77.7817459305202 271.99046875
0 5.78703125
51.9130871974931 271.99046875
0 561.34203125
58.2704701897612 271.99046875
0 5.78703125
61.7354126570155 271.99046875
0 561.34203125
69.295657744218 271.99046875
0 5.78703125
46.2493028389543 271.99046875
0 561.34203125
65.4063913251497 271.99046875
0 5.78703125
69.295657744218 271.99046875
0 561.34203125
77.7817459305202 271.99046875
0 5.78703125
51.9130871974931 271.99046875
0 561.34203125
58.2704701897612 271.99046875
0 5.78703125
61.7354126570155 271.99046875
0 283.56453125
77.7817459305202 410.87921875
0 5.78703125
87.307057858251 133.10171875
0 5.78703125
92.4986056779086 271.99046875
0 5.78703125
92.4986056779086 271.99046875
0 5.78703125
92.4986056779086 271.99046875
0 5.78703125
92.4986056779086 271.99046875
0 5.78703125
123.470825314031 271.99046875
0 5.78703125
123.470825314031 271.99046875
0 5.78703125
123.470825314031 271.99046875
0 5.78703125
123.470825314031 271.99046875
0 5.78703125
130.812782650299 271.99046875
0 5.78703125
130.812782650299 271.99046875
0 5.78703125
130.812782650299 271.99046875
0 5.78703125
130.812782650299 271.99046875
0 5.78703125
123.470825314031 271.99046875
0 5.78703125
123.470825314031 271.99046875
0 5.78703125
123.470825314031 271.99046875
0 5.78703125
123.470825314031 271.99046875
0 5.78703125
92.4986056779086 271.99046875
0 5.78703125
92.4986056779086 271.99046875
0 5.78703125
92.4986056779086 271.99046875
0 5.78703125
92.4986056779086 271.99046875
0 5.78703125
123.470825314031 271.99046875
0 5.78703125
123.470825314031 271.99046875
0 5.78703125
123.470825314031 271.99046875
0 5.78703125
123.470825314031 271.99046875
0 5.78703125
130.812782650299 271.99046875
0 5.78703125
130.812782650299 271.99046875
0 5.78703125
130.812782650299 271.99046875
0 5.78703125
130.812782650299 271.99046875
0 5.78703125
123.470825314031 271.99046875
0 5.78703125
123.470825314031 271.99046875
0 5.78703125
123.470825314031 271.99046875
0 5.78703125
123.470825314031 271.99046875
0 5.78703125
92.4986056779086 271.99046875
0 5.78703125
92.4986056779086 271.99046875
0 5.78703125
92.4986056779086 271.99046875
0 5.78703125
92.4986056779086 271.99046875
0 5.78703125
123.470825314031 271.99046875
0 5.78703125
123.470825314031 271.99046875
0 5.78703125
123.470825314031 271.99046875
0 5.78703125
123.470825314031 271.99046875
0 5.78703125
130.812782650299 271.99046875
0 5.78703125
130.812782650299 271.99046875
0 5.78703125
130.812782650299 271.99046875
0 5.78703125
130.812782650299 271.99046875
0 5.78703125
123.470825314031 271.99046875
0 5.78703125
123.470825314031 271.99046875
0 5.78703125
123.470825314031 271.99046875
0 5.78703125
123.470825314031 271.99046875
0 5.78703125
92.4986056779086 271.99046875
0 5.78703125
92.4986056779086 271.99046875
0 5.78703125
92.4986056779086 271.99046875
0 5.78703125
92.4986056779086 271.99046875
0 5.78703125
82.4068892282175 271.99046875
0 5.78703125
82.4068892282175 271.99046875
0 5.78703125
82.4068892282175 271.99046875
0 5.78703125
82.4068892282175 271.99046875
0 5.78703125
123.470825314031 2077.54421875
0 144.67578125
92.4986056779086 271.99046875
0 839.11953125
123.470825314031 271.99046875
0 561.34203125
123.470825314031 271.99046875
0 5.78703125
130.812782650299 271.99046875
0 839.11953125
123.470825314031 271.99046875
0 839.11953125
92.4986056779086 271.99046875
0 839.11953125
123.470825314031 271.99046875
0 561.34203125
123.470825314031 271.99046875
0 5.78703125
130.812782650299 271.99046875
0 839.11953125
123.470825314031 271.99046875
0 839.11953125
92.4986056779086 271.99046875
0 839.11953125
123.470825314031 271.99046875
0 561.34203125
123.470825314031 271.99046875
0 5.78703125
130.812782650299 271.99046875
0 839.11953125
123.470825314031 271.99046875
0 839.11953125
92.4986056779086 271.99046875
0 839.11953125
123.470825314031 271.99046875
0 561.34203125
123.470825314031 271.99046875
0 5.78703125
130.812782650299 271.99046875
0 839.11953125
123.470825314031 271.99046875
0 283.56453125
77.7817459305202 410.87921875
0 5.78703125
87.307057858251 133.10171875
0 5.78703125
92.4986056779086 271.99046875
0 5.78703125
92.4986056779086 271.99046875
0 5.78703125
92.4986056779086 271.99046875
0 5.78703125
92.4986056779086 271.99046875
0 5.78703125
123.470825314031 271.99046875
0 5.78703125
123.470825314031 271.99046875
0 5.78703125
123.470825314031 271.99046875
0 5.78703125
123.470825314031 271.99046875
0 5.78703125
130.812782650299 271.99046875
0 5.78703125
130.812782650299 271.99046875
0 5.78703125
130.812782650299 271.99046875
0 5.78703125
130.812782650299 271.99046875
0 5.78703125
123.470825314031 271.99046875
0 5.78703125
123.470825314031 271.99046875
0 5.78703125
123.470825314031 271.99046875
0 5.78703125
123.470825314031 271.99046875
0 5.78703125
92.4986056779086 271.99046875
0 5.78703125
92.4986056779086 271.99046875
0 5.78703125
92.4986056779086 271.99046875
0 5.78703125
92.4986056779086 271.99046875
0 5.78703125
123.470825314031 271.99046875
0 5.78703125
123.470825314031 271.99046875
0 5.78703125
123.470825314031 271.99046875
0 5.78703125
123.470825314031 271.99046875
0 5.78703125
130.812782650299 271.99046875
0 5.78703125
130.812782650299 271.99046875
0 5.78703125
130.812782650299 271.99046875
0 5.78703125
130.812782650299 271.99046875
0 5.78703125
123.470825314031 271.99046875
0 5.78703125
123.470825314031 271.99046875
0 5.78703125
123.470825314031 271.99046875
0 5.78703125
123.470825314031 271.99046875
0 5.78703125
92.4986056779086 271.99046875
0 5.78703125
92.4986056779086 271.99046875
0 5.78703125
92.4986056779086 271.99046875
0 5.78703125
92.4986056779086 271.99046875
0 5.78703125
123.470825314031 271.99046875
0 5.78703125
123.470825314031 271.99046875
0 5.78703125
123.470825314031 271.99046875
0 5.78703125
123.470825314031 271.99046875
0 5.78703125
130.812782650299 271.99046875
0 5.78703125
130.812782650299 271.99046875
0 5.78703125
130.812782650299 271.99046875
0 5.78703125
130.812782650299 271.99046875
0 5.78703125
123.470825314031 271.99046875
0 5.78703125
123.470825314031 271.99046875
0 5.78703125
123.470825314031 271.99046875
0 5.78703125
123.470825314031 271.99046875
0 5.78703125
92.4986056779086 271.99046875
0 5.78703125
92.4986056779086 271.99046875
0 5.78703125
92.4986056779086 271.99046875
0 5.78703125
92.4986056779086 271.99046875
0 5.78703125
82.4068892282175 271.99046875
0 5.78703125
82.4068892282175 271.99046875
0 5.78703125
82.4068892282175 271.99046875
0 5.78703125
82.4068892282175 271.99046875
0 5.78703125
46.2493028389543 271.99046875
0 561.34203125
65.4063913251497 271.99046875
0 5.78703125
69.295657744218 271.99046875
0 561.34203125
77.7817459305202 271.99046875
0 5.78703125
51.9130871974931 271.99046875
0 561.34203125
58.2704701897612 271.99046875
0 5.78703125
61.7354126570155 271.99046875
0 561.34203125
69.295657744218 271.99046875
0 5.78703125
46.2493028389543 271.99046875
0 561.34203125
65.4063913251497 271.99046875
0 5.78703125
69.295657744218 271.99046875
0 561.34203125
77.7817459305202 271.99046875
0 5.78703125
51.9130871974931 271.99046875
0 561.34203125
58.2704701897612 271.99046875
0 5.78703125
61.7354126570155 271.99046875
0 561.34203125
69.295657744218 271.99046875
0 5.78703125
46.2493028389543 271.99046875
0 561.34203125
65.4063913251497 271.99046875
0 5.78703125
69.295657744218 271.99046875
0 561.34203125
77.7817459305202 271.99046875
0 5.78703125
51.9130871974931 271.99046875
0 561.34203125
58.2704701897612 271.99046875
0 5.78703125
61.7354126570155 271.99046875
0 561.34203125
69.295657744218 271.99046875
0 5.78703125
46.2493028389543 271.99046875
0 561.34203125
65.4063913251497 271.99046875
0 5.78703125
69.295657744218 271.99046875
0 561.34203125
51.9130871974931 271.99046875
0 2228.00703125
46.2493028389543 462.9625
0 648.1475
61.7354126570155 462.9625
0 648.1475
65.4063913251497 462.9625
0 648.1475
61.7354126570155 462.9625
0 648.1475
46.2493028389543 462.9625
0 648.1475
61.7354126570155 462.9625
0 648.1475
65.4063913251497 462.9625
0 648.1475
61.7354126570155 462.9625
0 648.1475
46.2493028389543 462.9625
0 648.1475
61.7354126570155 462.9625
0 648.1475
65.4063913251497 462.9625
0 648.1475
61.7354126570155 462.9625
0 648.1475
46.2493028389543 462.9625
0 648.1475
61.7354126570155 462.9625
0 648.1475
65.4063913251497 462.9625
0 648.1475
61.7354126570155 462.9625
0 92.5925
77.7817459305202 410.87921875
0 5.78703125
87.307057858251 133.10171875
0 5.78703125
92.4986056779086 271.99046875
0 5.78703125
92.4986056779086 271.99046875
0 5.78703125
92.4986056779086 271.99046875
0 5.78703125
92.4986056779086 271.99046875
0 5.78703125
123.470825314031 271.99046875
0 5.78703125
123.470825314031 271.99046875
0 5.78703125
123.470825314031 271.99046875
0 5.78703125
123.470825314031 271.99046875
0 5.78703125
130.812782650299 271.99046875
0 5.78703125
130.812782650299 271.99046875
0 5.78703125
130.812782650299 271.99046875
0 5.78703125
130.812782650299 271.99046875
0 5.78703125
123.470825314031 271.99046875
0 5.78703125
123.470825314031 271.99046875
0 5.78703125
123.470825314031 271.99046875
0 5.78703125
123.470825314031 271.99046875
0 5.78703125
92.4986056779086 271.99046875
0 5.78703125
92.4986056779086 271.99046875
0 5.78703125
92.4986056779086 271.99046875
0 5.78703125
92.4986056779086 271.99046875
0 5.78703125
123.470825314031 271.99046875
0 5.78703125
123.470825314031 271.99046875
0 5.78703125
123.470825314031 271.99046875
0 5.78703125
123.470825314031 271.99046875
0 5.78703125
130.812782650299 271.99046875
0 5.78703125
130.812782650299 271.99046875
0 5.78703125
130.812782650299 271.99046875
0 5.78703125
130.812782650299 271.99046875
0 5.78703125
123.470825314031 271.99046875
0 5.78703125
123.470825314031 271.99046875
0 5.78703125
123.470825314031 271.99046875
0 5.78703125
123.470825314031 271.99046875
0 5.78703125
92.4986056779086 271.99046875
0 5.78703125
92.4986056779086 271.99046875
0 5.78703125
92.4986056779086 271.99046875
0 5.78703125
92.4986056779086 271.99046875
0 5.78703125
123.470825314031 271.99046875
0 5.78703125
123.470825314031 271.99046875
0 5.78703125
123.470825314031 271.99046875
0 5.78703125
123.470825314031 271.99046875
0 5.78703125
130.812782650299 271.99046875
0 5.78703125
130.812782650299 271.99046875
0 5.78703125
130.812782650299 271.99046875
0 5.78703125
130.812782650299 271.99046875
0 5.78703125
123.470825314031 271.99046875
0 5.78703125
123.470825314031 271.99046875
0 5.78703125
123.470825314031 271.99046875
0 5.78703125
123.470825314031 271.99046875
0 5.78703125
92.4986056779086 271.99046875
0 5.78703125
92.4986056779086 271.99046875
0 5.78703125
92.4986056779086 271.99046875
0 5.78703125
92.4986056779086 271.99046875
0 5.78703125
123.470825314031 271.99046875
0 5.78703125
123.470825314031 271.99046875
0 5.78703125
123.470825314031 271.99046875
0 5.78703125
123.470825314031 271.99046875
0 5.78703125
130.812782650299 271.99046875
0 5.78703125
130.812782650299 271.99046875
0 5.78703125
130.812782650299 271.99046875
0 5.78703125
130.812782650299 271.99046875
0 5.78703125
123.470825314031 271.99046875
0 5.78703125
123.470825314031 271.99046875
0 5.78703125
123.470825314031 271.99046875
0 5.78703125
123.470825314031 271.99046875
0 5.78703125
92.4986056779086 271.99046875
0 5.78703125
92.4986056779086 271.99046875
0 5.78703125
92.4986056779086 271.99046875
0 5.78703125
92.4986056779086 271.99046875
0 5.78703125
123.470825314031 271.99046875
0 5.78703125
123.470825314031 271.99046875
0 5.78703125
123.470825314031 271.99046875
0 5.78703125
123.470825314031 271.99046875
0 5.78703125
130.812782650299 271.99046875
0 5.78703125
130.812782650299 271.99046875
0 5.78703125
130.812782650299 271.99046875
0 5.78703125
130.812782650299 271.99046875
0 5.78703125
123.470825314031 271.99046875
0 5.78703125
123.470825314031 271.99046875
0 5.78703125
123.470825314031 271.99046875
0 5.78703125
123.470825314031 271.99046875
0 5.78703125
92.4986056779086 271.99046875
0 5.78703125
92.4986056779086 271.99046875
0 5.78703125
92.4986056779086 271.99046875
0 5.78703125
92.4986056779086 271.99046875
0 5.78703125
82.4068892282175 271.99046875
0 5.78703125
82.4068892282175 271.99046875
0 5.78703125
82.4068892282175 271.99046875
0 5.78703125
82.4068892282175 271.99046875
0 5.78703125
123.470825314031 2077.54421875
