0 1666.665
184.997211355817 462.9625
0 92.5925
277.182630976872 271.99046875
0 5.78703125
233.081880759045 271.99046875
0 5.78703125
233.081880759045 462.9625
0 92.5925
207.652348789973 271.99046875
0 5.78703125
184.997211355817 271.99046875
0 5.78703125
184.997211355817 271.99046875
0 5.78703125
246.941650628062 549.76796875
0 5.78703125
233.081880759045 271.99046875
0 5.78703125
233.081880759045 271.99046875
0 5.78703125
207.652348789973 271.99046875
0 5.78703125
207.652348789973 271.99046875
0 5.78703125
184.997211355817 271.99046875
0 283.56453125
184.997211355817 271.99046875
0 5.78703125
277.182630976872 271.99046875
0 5.78703125
233.081880759045 271.99046875
0 5.78703125
233.081880759045 271.99046875
0 5.78703125
207.652348789973 271.99046875
0 5.78703125
207.652348789973 271.99046875
0 5.78703125
184.997211355817 271.99046875
0 5.78703125
184.997211355817 271.99046875
0 5.78703125
155.56349186104 549.76796875
0 5.78703125
138.591315488436 740.74
0 648.1475
184.997211355817 271.99046875
0 5.78703125
184.997211355817 271.99046875
0 5.78703125
277.182630976872 271.99046875
0 5.78703125
233.081880759045 271.99046875
0 5.78703125
233.081880759045 271.99046875
0 5.78703125
207.652348789973 271.99046875
0 5.78703125
207.652348789973 271.99046875
0 5.78703125
184.997211355817 271.99046875
0 5.78703125
184.997211355817 271.99046875
0 5.78703125
246.941650628062 549.76796875
0 5.78703125
233.081880759045 271.99046875
0 5.78703125
233.081880759045 271.99046875
0 5.78703125
207.652348789973 271.99046875
0 5.78703125
207.652348789973 271.99046875
0 5.78703125
184.997211355817 271.99046875
0 5.78703125
184.997211355817 271.99046875
0 5.78703125
277.182630976872 549.76796875
0 5.78703125
233.081880759045 271.99046875
0 5.78703125
233.081880759045 271.99046875
0 5.78703125
207.652348789973 549.76796875
0 5.78703125
184.997211355817 271.99046875
0 5.78703125
184.997211355817 271.99046875
0 5.78703125
207.652348789973 549.76796875
0 5.78703125
155.56349186104 740.74
0 648.1475
184.997211355817 410.87921875
0 5.78703125
184.997211355817 133.10171875
0 5.78703125
184.997211355817 271.99046875
0 5.78703125
184.997211355817 271.99046875
0 5.78703125
184.997211355817 133.10171875
0 5.78703125
184.997211355817 133.10171875
0 5.78703125
184.997211355817 133.10171875
0 5.78703125
184.997211355817 133.10171875
0 5.78703125
184.997211355817 271.99046875
0 5.78703125
184.997211355817 271.99046875
0 5.78703125
184.997211355817 133.10171875
0 5.78703125
184.997211355817 133.10171875
0 283.56453125
184.997211355817 271.99046875
0 5.78703125
184.997211355817 133.10171875
0 5.78703125
184.997211355817 133.10171875
0 5.78703125
184.997211355817 271.99046875
0 5.78703125
184.997211355817 133.10171875
0 5.78703125
184.997211355817 133.10171875
0 5.78703125
184.997211355817 133.10171875
0 5.78703125
184.997211355817 133.10171875
0 5.78703125
184.997211355817 271.99046875
0 5.78703125
233.081880759045 133.10171875
0 5.78703125
184.997211355817 133.10171875
0 283.56453125
233.081880759045 133.10171875
0 5.78703125
277.182630976872 133.10171875
0 5.78703125
277.182630976872 271.99046875
0 5.78703125
277.182630976872 271.99046875
0 5.78703125
246.941650628062 133.10171875
0 5.78703125
246.941650628062 133.10171875
0 5.78703125
233.081880759045 271.99046875
0 5.78703125
233.081880759045 271.99046875
0 5.78703125
233.081880759045 271.99046875
0 144.67578125
138.591315488436 133.10171875
0 5.78703125
233.081880759045 271.99046875
0 5.78703125
184.997211355817 271.99046875
0 5.78703125
184.997211355817 271.99046875
0 5.78703125
184.997211355817 133.10171875
0 5.78703125
155.56349186104 133.10171875
0 5.78703125
184.997211355817 271.99046875
0 5.78703125
184.997211355817 271.99046875
0 5.78703125
155.56349186104 133.10171875
0 5.78703125
138.591315488436 133.10171875
0 283.56453125
233.081880759045 133.10171875
0 5.78703125
277.182630976872 271.99046875
0 5.78703125
233.081880759045 133.10171875
0 5.78703125
311.126983722081 271.99046875
0 5.78703125
233.081880759045 133.10171875
0 5.78703125
277.182630976872 271.99046875
0 5.78703125
233.081880759045 133.10171875
0 5.78703125
311.126983722081 271.99046875
0 5.78703125
233.081880759045 133.10171875
0 5.78703125
277.182630976872 271.99046875
0 5.78703125
246.941650628062 271.99046875
0 5.78703125
233.081880759045 271.99046875
0 5.78703125
207.652348789973 271.99046875
0 5.78703125
207.652348789973 271.99046875
0 5.78703125
184.997211355817 133.10171875
0 5.78703125
207.652348789973 271.99046875
0 5.78703125
184.997211355817 271.99046875
0 422.45328125
138.591315488436 133.10171875
0 5.78703125
184.997211355817 133.10171875
0 5.78703125
184.997211355817 133.10171875
0 5.78703125
184.997211355817 271.99046875
0 5.78703125
184.997211355817 133.10171875
0 5.78703125
184.997211355817 133.10171875
0 5.78703125
184.997211355817 271.99046875
0 5.78703125
184.997211355817 271.99046875
0 700.23078125
138.591315488436 133.10171875
0 5.78703125
233.081880759045 133.10171875
0 5.78703125
184.997211355817 133.10171875
0 5.78703125
184.997211355817 271.99046875
0 5.78703125
184.997211355817 133.10171875
0 5.78703125
155.56349186104 133.10171875
0 5.78703125
155.56349186104 271.99046875
0 5.78703125
155.56349186104 462.9625
0 648.1475
233.081880759045 271.99046875
0 5.78703125
184.997211355817 549.76796875
0 5.78703125
184.997211355817 133.10171875
0 5.78703125
155.56349186104 133.10171875
0 5.78703125
184.997211355817 271.99046875
0 5.78703125
184.997211355817 271.99046875
0 283.56453125
184.997211355817 133.10171875
0 5.78703125
155.56349186104 133.10171875
0 5.78703125
184.997211355817 271.99046875
0 5.78703125
184.997211355817 271.99046875
0 283.56453125
184.997211355817 271.99046875
0 283.56453125
233.081880759045 740.74
0 92.5925
233.081880759045 271.99046875
0 5.78703125
184.997211355817 549.76796875
0 5.78703125
184.997211355817 133.10171875
0 5.78703125
155.56349186104 133.10171875
0 5.78703125
184.997211355817 271.99046875
0 5.78703125
184.997211355817 271.99046875
0 283.56453125
184.997211355817 133.10171875
0 5.78703125
155.56349186104 133.10171875
0 5.78703125
184.997211355817 271.99046875
0 5.78703125
184.997211355817 271.99046875
0 283.56453125
184.997211355817 271.99046875
0 283.56453125
233.081880759045 740.74
0 92.5925
233.081880759045 462.9625
0 92.5925
277.182630976872 410.87921875
0 5.78703125
277.182630976872 133.10171875
0 5.78703125
246.941650628062 271.99046875
0 5.78703125
233.081880759045 271.99046875
0 5.78703125
207.652348789973 271.99046875
0 5.78703125
207.652348789973 271.99046875
0 5.78703125
184.997211355817 966.43421875
0 144.67578125
184.997211355817 271.99046875
0 5.78703125
184.997211355817 271.99046875
0 5.78703125
207.652348789973 271.99046875
0 5.78703125
184.997211355817 271.99046875
0 5.78703125
233.081880759045 271.99046875
0 5.78703125
207.652348789973 740.74
0 92.5925
207.652348789973 271.99046875
0 5.78703125
184.997211355817 549.76796875
0 5.78703125
207.652348789973 271.99046875
0 5.78703125
233.081880759045 271.99046875
0 5.78703125
155.56349186104 1660.87796875
0 5.78703125
184.997211355817 133.10171875
0 5.78703125
184.997211355817 133.10171875
0 5.78703125
184.997211355817 271.99046875
0 5.78703125
184.997211355817 271.99046875
0 283.56453125
184.997211355817 133.10171875
0 5.78703125
184.997211355817 133.10171875
0 5.78703125
184.997211355817 133.10171875
0 5.78703125
184.997211355817 133.10171875
0 5.78703125
184.997211355817 271.99046875
0 5.78703125
184.997211355817 133.10171875
0 5.78703125
184.997211355817 271.99046875
0 5.78703125
138.591315488436 133.10171875
0 5.78703125
184.997211355817 133.10171875
0 5.78703125
184.997211355817 133.10171875
0 5.78703125
184.997211355817 271.99046875
0 5.78703125
184.997211355817 271.99046875
0 5.78703125
184.997211355817 271.99046875
0 5.78703125
184.997211355817 133.10171875
0 5.78703125
184.997211355817 133.10171875
0 5.78703125
184.997211355817 271.99046875
0 5.78703125
233.081880759045 133.10171875
0 5.78703125
184.997211355817 133.10171875
0 5.78703125
138.591315488436 133.10171875
0 5.78703125
138.591315488436 133.10171875
0 5.78703125
233.081880759045 133.10171875
0 5.78703125
277.182630976872 133.10171875
0 5.78703125
277.182630976872 133.10171875
0 5.78703125
246.941650628062 271.99046875
0 5.78703125
233.081880759045 271.99046875
0 5.78703125
207.652348789973 133.10171875
0 5.78703125
207.652348789973 133.10171875
0 5.78703125
184.997211355817 271.99046875
0 144.67578125
184.997211355817 133.10171875
0 5.78703125
184.997211355817 133.10171875
0 5.78703125
184.997211355817 133.10171875
0 5.78703125
207.652348789973 133.10171875
0 5.78703125
233.081880759045 271.99046875
0 5.78703125
207.652348789973 133.10171875
0 5.78703125
184.997211355817 133.10171875
0 5.78703125
207.652348789973 133.10171875
0 5.78703125
184.997211355817 133.10171875
0 5.78703125
155.56349186104 271.99046875
0 5.78703125
155.56349186104 133.10171875
0 5.78703125
155.56349186104 133.10171875
0 144.67578125
138.591315488436 133.10171875
0 5.78703125
233.081880759045 271.99046875
0 5.78703125
277.182630976872 271.99046875
0 5.78703125
311.126983722081 271.99046875
0 144.67578125
138.591315488436 133.10171875
0 5.78703125
233.081880759045 133.10171875
0 5.78703125
184.997211355817 133.10171875
0 5.78703125
184.997211355817 133.10171875
0 5.78703125
184.997211355817 133.10171875
0 5.78703125
184.997211355817 271.99046875
0 144.67578125
138.591315488436 133.10171875
0 5.78703125
184.997211355817 133.10171875
0 5.78703125
207.652348789973 133.10171875
0 5.78703125
233.081880759045 133.10171875
0 5.78703125
277.182630976872 133.10171875
0 5.78703125
246.941650628062 271.99046875
0 5.78703125
233.081880759045 133.10171875
0 5.78703125
207.652348789973 133.10171875
0 5.78703125
233.081880759045 133.10171875
0 5.78703125
207.652348789973 133.10171875
0 5.78703125
155.56349186104 271.99046875
0 5.78703125
155.56349186104 271.99046875
0 144.67578125
138.591315488436 133.10171875
0 5.78703125
311.126983722081 271.99046875
0 5.78703125
277.182630976872 271.99046875
0 5.78703125
277.182630976872 133.10171875
0 5.78703125
277.182630976872 133.10171875
0 283.56453125
233.081880759045 133.10171875
0 5.78703125
184.997211355817 271.99046875
0 5.78703125
184.997211355817 271.99046875
0 422.45328125
184.997211355817 133.10171875
0 5.78703125
184.997211355817 133.10171875
0 5.78703125
184.997211355817 133.10171875
0 5.78703125
207.652348789973 133.10171875
0 5.78703125
233.081880759045 133.10171875
0 5.78703125
184.997211355817 133.10171875
0 5.78703125
184.997211355817 133.10171875
0 5.78703125
207.652348789973 133.10171875
0 5.78703125
233.081880759045 133.10171875
0 5.78703125
184.997211355817 133.10171875
0 5.78703125
155.56349186104 271.99046875
0 5.78703125
155.56349186104 462.9625
0 648.1475
233.081880759045 271.99046875
0 5.78703125
184.997211355817 549.76796875
0 5.78703125
184.997211355817 133.10171875
0 5.78703125
155.56349186104 133.10171875
0 5.78703125
184.997211355817 271.99046875
0 5.78703125
184.997211355817 271.99046875
0 283.56453125
184.997211355817 133.10171875
0 5.78703125
155.56349186104 133.10171875
0 5.78703125
184.997211355817 271.99046875
0 5.78703125
184.997211355817 271.99046875
0 283.56453125
184.997211355817 271.99046875
0 283.56453125
233.081880759045 740.74
0 92.5925
233.081880759045 271.99046875
0 5.78703125
184.997211355817 549.76796875
0 5.78703125
184.997211355817 133.10171875
0 5.78703125
155.56349186104 133.10171875
0 5.78703125
184.997211355817 271.99046875
0 5.78703125
184.997211355817 271.99046875
0 283.56453125
184.997211355817 133.10171875
0 5.78703125
155.56349186104 133.10171875
0 5.78703125
184.997211355817 271.99046875
0 5.78703125
184.997211355817 271.99046875
0 283.56453125
184.997211355817 271.99046875
0 283.56453125
233.081880759045 740.74
0 92.5925
233.081880759045 462.9625
0 92.5925
277.182630976872 410.87921875
0 5.78703125
277.182630976872 133.10171875
0 5.78703125
246.941650628062 271.99046875
0 5.78703125
233.081880759045 271.99046875
0 5.78703125
207.652348789973 271.99046875
0 5.78703125
207.652348789973 271.99046875
0 5.78703125
184.997211355817 966.43421875
0 144.67578125
184.997211355817 271.99046875
0 5.78703125
184.997211355817 271.99046875
0 5.78703125
207.652348789973 271.99046875
0 5.78703125
184.997211355817 271.99046875
0 5.78703125
233.081880759045 271.99046875
0 5.78703125
207.652348789973 740.74
0 92.5925
207.652348789973 271.99046875
0 5.78703125
184.997211355817 549.76796875
0 5.78703125
207.652348789973 271.99046875
0 5.78703125
233.081880759045 271.99046875
0 5.78703125
155.56349186104 1799.76671875
0 17922.43578125
233.081880759045 271.99046875
0 5.78703125
184.997211355817 549.76796875
0 5.78703125
184.997211355817 133.10171875
0 5.78703125
155.56349186104 133.10171875
0 5.78703125
184.997211355817 271.99046875
0 5.78703125
184.997211355817 271.99046875
0 283.56453125
184.997211355817 133.10171875
0 5.78703125
155.56349186104 133.10171875
0 5.78703125
184.997211355817 271.99046875
0 5.78703125
184.997211355817 271.99046875
0 283.56453125
184.997211355817 271.99046875
0 283.56453125
233.081880759045 740.74
0 92.5925
233.081880759045 271.99046875
0 5.78703125
184.997211355817 549.76796875
0 5.78703125
184.997211355817 133.10171875
0 5.78703125
155.56349186104 133.10171875
0 5.78703125
184.997211355817 271.99046875
0 5.78703125
184.997211355817 271.99046875
0 283.56453125
184.997211355817 133.10171875
0 5.78703125
155.56349186104 133.10171875
0 5.78703125
184.997211355817 271.99046875
0 5.78703125
184.997211355817 271.99046875
0 283.56453125
184.997211355817 271.99046875
0 283.56453125
233.081880759045 549.76796875
0 5.78703125
138.591315488436 271.99046875
0 5.78703125
233.081880759045 462.9625
0 92.5925
277.182630976872 410.87921875
0 5.78703125
277.182630976872 133.10171875
0 5.78703125
246.941650628062 271.99046875
0 5.78703125
277.182630976872 271.99046875
0 5.78703125
311.126983722081 271.99046875
0 5.78703125
369.994422711634 1244.21171875
0 144.67578125
184.997211355817 271.99046875
0 5.78703125
184.997211355817 271.99046875
0 5.78703125
207.652348789973 271.99046875
0 5.78703125
184.997211355817 271.99046875
0 5.78703125
233.081880759045 271.99046875
0 5.78703125
207.652348789973 740.74
0 648.1475
184.997211355817 462.9625
0 92.5925
277.182630976872 271.99046875
0 5.78703125
233.081880759045 271.99046875
0 5.78703125
233.081880759045 462.9625
0 92.5925
207.652348789973 271.99046875
0 5.78703125
184.997211355817 271.99046875
0 5.78703125
184.997211355817 271.99046875
0 5.78703125
246.941650628062 549.76796875
0 5.78703125
233.081880759045 271.99046875
0 5.78703125
233.081880759045 271.99046875
0 5.78703125
207.652348789973 271.99046875
0 5.78703125
207.652348789973 271.99046875
0 5.78703125
184.997211355817 271.99046875
0 5.78703125
207.652348789973 271.99046875
0 5.78703125
184.997211355817 271.99046875
0 5.78703125
277.182630976872 271.99046875
0 5.78703125
233.081880759045 271.99046875
0 5.78703125
233.081880759045 271.99046875
0 5.78703125
207.652348789973 271.99046875
0 5.78703125
207.652348789973 271.99046875
0 5.78703125
184.997211355817 271.99046875
0 5.78703125
184.997211355817 271.99046875
0 5.78703125
155.56349186104 549.76796875
0 5.78703125
138.591315488436 740.74
0 648.1475
277.182630976872 133.10171875
0 5.78703125
277.182630976872 410.87921875
0 5.78703125
277.182630976872 462.9625
0 92.5925
233.081880759045 133.10171875
0 5.78703125
207.652348789973 133.10171875
0 5.78703125
233.081880759045 271.99046875
0 5.78703125
207.652348789973 271.99046875
0 283.56453125
207.652348789973 133.10171875
0 5.78703125
277.182630976872 410.87921875
0 5.78703125
246.941650628062 133.10171875
0 5.78703125
233.081880759045 133.10171875
0 5.78703125
246.941650628062 133.10171875
0 5.78703125
233.081880759045 133.10171875
0 5.78703125
246.941650628062 271.99046875
0 5.78703125
184.997211355817 271.99046875
0 5.78703125
155.56349186104 271.99046875
0 5.78703125
138.591315488436 271.99046875
0 5.78703125
155.56349186104 271.99046875
0 5.78703125
138.591315488436 271.99046875
0 5.78703125
277.182630976872 462.9625
0 92.5925
233.081880759045 271.99046875
0 5.78703125
233.081880759045 271.99046875
0 5.78703125
207.652348789973 271.99046875
0 5.78703125
184.997211355817 271.99046875
0 283.56453125
207.652348789973 549.76796875
0 5.78703125
233.081880759045 1244.21171875
0 144.67578125
277.182630976872 410.87921875
0 5.78703125
277.182630976872 133.10171875
0 5.78703125
277.182630976872 271.99046875
0 5.78703125
277.182630976872 271.99046875
0 5.78703125
277.182630976872 133.10171875
0 5.78703125
277.182630976872 133.10171875
0 5.78703125
277.182630976872 133.10171875
0 5.78703125
277.182630976872 133.10171875
0 5.78703125
277.182630976872 271.99046875
0 5.78703125
277.182630976872 271.99046875
0 5.78703125
277.182630976872 133.10171875
0 5.78703125
277.182630976872 133.10171875
0 283.56453125
277.182630976872 271.99046875
0 5.78703125
277.182630976872 133.10171875
0 5.78703125
277.182630976872 133.10171875
0 5.78703125
277.182630976872 271.99046875
0 5.78703125
277.182630976872 133.10171875
0 5.78703125
277.182630976872 133.10171875
0 5.78703125
277.182630976872 133.10171875
0 5.78703125
277.182630976872 133.10171875
0 5.78703125
277.182630976872 271.99046875
0 5.78703125
311.126983722081 133.10171875
0 5.78703125
277.182630976872 133.10171875
0 283.56453125
233.081880759045 133.10171875
0 5.78703125
277.182630976872 133.10171875
0 5.78703125
277.182630976872 271.99046875
0 5.78703125
277.182630976872 271.99046875
0 5.78703125
246.941650628062 133.10171875
0 5.78703125
246.941650628062 133.10171875
0 5.78703125
233.081880759045 271.99046875
0 5.78703125
233.081880759045 271.99046875
0 5.78703125
233.081880759045 271.99046875
0 144.67578125
138.591315488436 133.10171875
0 5.78703125
233.081880759045 271.99046875
0 5.78703125
184.997211355817 271.99046875
0 5.78703125
184.997211355817 271.99046875
0 5.78703125
184.997211355817 133.10171875
0 5.78703125
155.56349186104 133.10171875
0 5.78703125
184.997211355817 271.99046875
0 5.78703125
184.997211355817 271.99046875
0 5.78703125
155.56349186104 133.10171875
0 5.78703125
138.591315488436 133.10171875
0 283.56453125
233.081880759045 133.10171875
0 5.78703125
277.182630976872 271.99046875
0 5.78703125
233.081880759045 133.10171875
0 5.78703125
311.126983722081 271.99046875
0 5.78703125
233.081880759045 133.10171875
0 5.78703125
277.182630976872 271.99046875
0 5.78703125
233.081880759045 133.10171875
0 5.78703125
311.126983722081 271.99046875
0 5.78703125
233.081880759045 133.10171875
0 5.78703125
277.182630976872 271.99046875
0 5.78703125
246.941650628062 271.99046875
0 5.78703125
233.081880759045 271.99046875
0 5.78703125
207.652348789973 271.99046875
0 5.78703125
207.652348789973 271.99046875
0 5.78703125
184.997211355817 133.10171875
0 5.78703125
207.652348789973 271.99046875
0 5.78703125
184.997211355817 271.99046875
0 422.45328125
138.591315488436 133.10171875
0 5.78703125
184.997211355817 133.10171875
0 5.78703125
184.997211355817 133.10171875
0 5.78703125
184.997211355817 271.99046875
0 5.78703125
184.997211355817 133.10171875
0 5.78703125
184.997211355817 133.10171875
0 5.78703125
184.997211355817 271.99046875
0 5.78703125
184.997211355817 271.99046875
0 700.23078125
138.591315488436 133.10171875
0 5.78703125
311.126983722081 133.10171875
0 5.78703125
277.182630976872 133.10171875
0 5.78703125
277.182630976872 271.99046875
0 5.78703125
277.182630976872 133.10171875
0 5.78703125
277.182630976872 133.10171875
0 5.78703125
277.182630976872 271.99046875
0 5.78703125
277.182630976872 462.9625
0 648.1475
233.081880759045 271.99046875
0 5.78703125
184.997211355817 549.76796875
0 5.78703125
184.997211355817 133.10171875
0 5.78703125
155.56349186104 133.10171875
0 5.78703125
184.997211355817 271.99046875
0 5.78703125
184.997211355817 271.99046875
0 283.56453125
184.997211355817 133.10171875
0 5.78703125
155.56349186104 133.10171875
0 5.78703125
184.997211355817 271.99046875
0 5.78703125
184.997211355817 271.99046875
0 283.56453125
184.997211355817 271.99046875
0 283.56453125
233.081880759045 740.74
0 92.5925
233.081880759045 271.99046875
0 5.78703125
184.997211355817 549.76796875
0 5.78703125
184.997211355817 133.10171875
0 5.78703125
155.56349186104 133.10171875
0 5.78703125
184.997211355817 271.99046875
0 5.78703125
184.997211355817 271.99046875
0 283.56453125
184.997211355817 133.10171875
0 5.78703125
155.56349186104 133.10171875
0 5.78703125
184.997211355817 271.99046875
0 5.78703125
184.997211355817 271.99046875
0 283.56453125
184.997211355817 271.99046875
0 283.56453125
233.081880759045 549.76796875
0 5.78703125
138.591315488436 271.99046875
0 5.78703125
233.081880759045 462.9625
0 92.5925
277.182630976872 410.87921875
0 5.78703125
277.182630976872 133.10171875
0 5.78703125
246.941650628062 271.99046875
0 5.78703125
277.182630976872 271.99046875
0 5.78703125
311.126983722081 271.99046875
0 5.78703125
369.994422711634 271.99046875
0 5.78703125
415.304697579945 271.99046875
0 5.78703125
369.994422711634 740.74
0 92.5925
184.997211355817 271.99046875
0 5.78703125
184.997211355817 271.99046875
0 5.78703125
207.652348789973 271.99046875
0 5.78703125
184.997211355817 271.99046875
0 5.78703125
277.182630976872 271.99046875
0 5.78703125
233.081880759045 740.74
0 92.5925
207.652348789973 271.99046875
0 5.78703125
184.997211355817 549.76796875
0 5.78703125
207.652348789973 271.99046875
0 5.78703125
233.081880759045 271.99046875
0 5.78703125
184.997211355817 1521.98921875
0 144.67578125
138.591315488436 271.99046875
0 5.78703125
233.081880759045 462.9625
0 92.5925
277.182630976872 410.87921875
0 5.78703125
277.182630976872 133.10171875
0 5.78703125
246.941650628062 271.99046875
0 5.78703125
277.182630976872 271.99046875
0 5.78703125
311.126983722081 271.99046875
0 5.78703125
369.994422711634 271.99046875
0 5.78703125
415.304697579945 271.99046875
0 5.78703125
369.994422711634 740.74
0 92.5925
184.997211355817 271.99046875
0 5.78703125
184.997211355817 271.99046875
0 5.78703125
207.652348789973 271.99046875
0 5.78703125
184.997211355817 271.99046875
0 5.78703125
277.182630976872 271.99046875
0 5.78703125
233.081880759045 740.74
0 92.5925
207.652348789973 271.99046875
0 5.78703125
184.997211355817 549.76796875
0 5.78703125
207.652348789973 271.99046875
0 5.78703125
233.081880759045 271.99046875
0 5.78703125
155.56349186104 1521.98921875
