0 37222.185
77.7817459305202 410.87921875
0 5.78703125
87.307057858251 133.10171875
0 5.78703125
138.591315488436 271.99046875
0 0
138.591315488436 271.99046875
0 0
138.591315488436 271.99046875
0 0
138.591315488436 271.99046875
0 0
184.997211355817 271.99046875
0 0
184.997211355817 271.99046875
0 0
184.997211355817 271.99046875
0 0
184.997211355817 271.99046875
0 0
184.997211355817 271.99046875
0 0
184.997211355817 271.99046875
0 0
184.997211355817 271.99046875
0 0
184.997211355817 271.99046875
0 0
184.997211355817 271.99046875
0 0
184.997211355817 271.99046875
0 0
184.997211355817 271.99046875
0 0
184.997211355817 271.99046875
0 0
138.591315488436 271.99046875
0 0
138.591315488436 271.99046875
0 0
138.591315488436 271.99046875
0 0
138.591315488436 271.99046875
0 0
184.997211355817 271.99046875
0 0
184.997211355817 271.99046875
0 0
184.997211355817 271.99046875
0 0
184.997211355817 271.99046875
0 0
184.997211355817 271.99046875
0 0
184.997211355817 271.99046875
0 0
184.997211355817 271.99046875
0 0
184.997211355817 271.99046875
0 0
184.997211355817 271.99046875
0 0
184.997211355817 271.99046875
0 0
184.997211355817 271.99046875
0 0
184.997211355817 271.99046875
0 0
138.591315488436 271.99046875
0 0
138.591315488436 271.99046875
0 0
138.591315488436 271.99046875
0 0
138.591315488436 271.99046875
0 0
184.997211355817 271.99046875
0 0
184.997211355817 271.99046875
0 0
184.997211355817 271.99046875
0 0
184.997211355817 271.99046875
0 0
184.997211355817 271.99046875
0 0
184.997211355817 271.99046875
0 0
184.997211355817 271.99046875
0 0
184.997211355817 271.99046875
0 0
184.997211355817 271.99046875
0 0
184.997211355817 271.99046875
0 0
184.997211355817 271.99046875
0 0
184.997211355817 271.99046875
0 0
138.591315488436 271.99046875
0 0
138.591315488436 271.99046875
0 0
138.591315488436 271.99046875
0 0
138.591315488436 271.99046875
0 0
123.470825314031 271.99046875
0 0
123.470825314031 271.99046875
0 0
123.470825314031 271.99046875
0 0
123.470825314031 271.99046875
0 0
184.997211355817 2077.54421875
0 0
123.470825314031 0
0 17366.88078125
77.7817459305202 410.87921875
0 5.78703125
87.307057858251 133.10171875
0 5.78703125
138.591315488436 271.99046875
0 0
138.591315488436 271.99046875
0 0
138.591315488436 271.99046875
0 0
138.591315488436 271.99046875
0 0
184.997211355817 271.99046875
0 0
184.997211355817 271.99046875
0 0
184.997211355817 271.99046875
0 0
184.997211355817 271.99046875
0 0
184.997211355817 271.99046875
0 0
184.997211355817 271.99046875
0 0
184.997211355817 271.99046875
0 0
184.997211355817 271.99046875
0 0
184.997211355817 271.99046875
0 0
184.997211355817 271.99046875
0 0
184.997211355817 271.99046875
0 0
184.997211355817 271.99046875
0 0
138.591315488436 271.99046875
0 0
138.591315488436 271.99046875
0 0
138.591315488436 271.99046875
0 0
138.591315488436 271.99046875
0 0
184.997211355817 271.99046875
0 0
184.997211355817 271.99046875
0 0
184.997211355817 271.99046875
0 0
184.997211355817 271.99046875
0 0
184.997211355817 271.99046875
0 0
184.997211355817 271.99046875
0 0
184.997211355817 271.99046875
0 0
184.997211355817 271.99046875
0 0
184.997211355817 271.99046875
0 0
184.997211355817 271.99046875
0 0
184.997211355817 271.99046875
0 0
184.997211355817 271.99046875
0 0
138.591315488436 271.99046875
0 0
138.591315488436 271.99046875
0 0
138.591315488436 271.99046875
0 0
138.591315488436 271.99046875
0 0
184.997211355817 271.99046875
0 0
184.997211355817 271.99046875
0 0
184.997211355817 271.99046875
0 0
184.997211355817 271.99046875
0 0
184.997211355817 271.99046875
0 0
184.997211355817 271.99046875
0 0
184.997211355817 271.99046875
0 0
184.997211355817 271.99046875
0 0
184.997211355817 271.99046875
0 0
184.997211355817 271.99046875
0 0
184.997211355817 271.99046875
0 0
184.997211355817 271.99046875
0 0
138.591315488436 271.99046875
0 0
138.591315488436 271.99046875
0 0
138.591315488436 271.99046875
0 0
138.591315488436 271.99046875
0 0
123.470825314031 271.99046875
0 0
123.470825314031 271.99046875
0 0
123.470825314031 271.99046875
0 0
123.470825314031 271.99046875
0 0
184.997211355817 2077.54421875
0 0
123.470825314031 0
0 17366.88078125
77.7817459305202 410.87921875
0 5.78703125
87.307057858251 133.10171875
0 5.78703125
138.591315488436 271.99046875
0 0
138.591315488436 271.99046875
0 0
138.591315488436 271.99046875
0 0
138.591315488436 271.99046875
0 0
184.997211355817 271.99046875
0 0
184.997211355817 271.99046875
0 0
184.997211355817 271.99046875
0 0
184.997211355817 271.99046875
0 0
184.997211355817 271.99046875
0 0
184.997211355817 271.99046875
0 0
184.997211355817 271.99046875
0 0
184.997211355817 271.99046875
0 0
184.997211355817 271.99046875
0 0
184.997211355817 271.99046875
0 0
184.997211355817 271.99046875
0 0
184.997211355817 271.99046875
0 0
138.591315488436 271.99046875
0 0
138.591315488436 271.99046875
0 0
138.591315488436 271.99046875
0 0
138.591315488436 271.99046875
0 0
184.997211355817 271.99046875
0 0
184.997211355817 271.99046875
0 0
184.997211355817 271.99046875
0 0
184.997211355817 271.99046875
0 0
184.997211355817 271.99046875
0 0
184.997211355817 271.99046875
0 0
184.997211355817 271.99046875
0 0
184.997211355817 271.99046875
0 0
184.997211355817 271.99046875
0 0
184.997211355817 271.99046875
0 0
184.997211355817 271.99046875
0 0
184.997211355817 271.99046875
0 0
138.591315488436 271.99046875
0 0
138.591315488436 271.99046875
0 0
138.591315488436 271.99046875
0 0
138.591315488436 271.99046875
0 0
184.997211355817 271.99046875
0 0
184.997211355817 271.99046875
0 0
184.997211355817 271.99046875
0 0
184.997211355817 271.99046875
0 0
184.997211355817 271.99046875
0 0
184.997211355817 271.99046875
0 0
184.997211355817 271.99046875
0 0
184.997211355817 271.99046875
0 0
184.997211355817 271.99046875
0 0
184.997211355817 271.99046875
0 0
184.997211355817 271.99046875
0 0
184.997211355817 271.99046875
0 0
138.591315488436 271.99046875
0 0
138.591315488436 271.99046875
0 0
138.591315488436 271.99046875
0 0
138.591315488436 271.99046875
0 0
123.470825314031 271.99046875
0 0
123.470825314031 271.99046875
0 0
123.470825314031 271.99046875
0 0
123.470825314031 271.99046875
0 0
77.7817459305202 410.87921875
0 5.78703125
87.307057858251 133.10171875
0 5.78703125
138.591315488436 271.99046875
0 0
138.591315488436 271.99046875
0 0
138.591315488436 271.99046875
0 0
138.591315488436 271.99046875
0 0
184.997211355817 271.99046875
0 0
184.997211355817 271.99046875
0 0
184.997211355817 271.99046875
0 0
184.997211355817 271.99046875
0 0
184.997211355817 271.99046875
0 0
184.997211355817 271.99046875
0 0
184.997211355817 271.99046875
0 0
184.997211355817 271.99046875
0 0
184.997211355817 271.99046875
0 0
184.997211355817 271.99046875
0 0
184.997211355817 271.99046875
0 0
184.997211355817 271.99046875
0 0
138.591315488436 271.99046875
0 0
138.591315488436 271.99046875
0 0
138.591315488436 271.99046875
0 0
138.591315488436 271.99046875
0 0
184.997211355817 271.99046875
0 0
184.997211355817 271.99046875
0 0
184.997211355817 271.99046875
0 0
184.997211355817 271.99046875
0 0
184.997211355817 271.99046875
0 0
184.997211355817 271.99046875
0 0
184.997211355817 271.99046875
0 0
184.997211355817 271.99046875
0 0
184.997211355817 271.99046875
0 0
184.997211355817 271.99046875
0 0
184.997211355817 271.99046875
0 0
184.997211355817 271.99046875
0 0
138.591315488436 271.99046875
0 0
138.591315488436 271.99046875
0 0
138.591315488436 271.99046875
0 0
138.591315488436 271.99046875
0 0
184.997211355817 271.99046875
0 0
184.997211355817 271.99046875
0 0
184.997211355817 271.99046875
0 0
184.997211355817 271.99046875
0 0
184.997211355817 271.99046875
0 0
184.997211355817 271.99046875
0 0
184.997211355817 271.99046875
0 0
184.997211355817 271.99046875
0 0
184.997211355817 271.99046875
0 0
184.997211355817 271.99046875
0 0
184.997211355817 271.99046875
0 0
184.997211355817 271.99046875
0 0
138.591315488436 271.99046875
0 0
138.591315488436 271.99046875
0 0
138.591315488436 271.99046875
0 0
138.591315488436 271.99046875
0 0
184.997211355817 271.99046875
0 0
184.997211355817 271.99046875
0 0
184.997211355817 271.99046875
0 0
184.997211355817 271.99046875
0 0
184.997211355817 271.99046875
0 0
184.997211355817 271.99046875
0 0
184.997211355817 271.99046875
0 0
184.997211355817 271.99046875
0 0
184.997211355817 271.99046875
0 0
184.997211355817 271.99046875
0 0
184.997211355817 271.99046875
0 0
184.997211355817 271.99046875
0 0
138.591315488436 271.99046875
0 0
138.591315488436 271.99046875
0 0
138.591315488436 271.99046875
0 0
138.591315488436 271.99046875
0 0
184.997211355817 271.99046875
0 0
184.997211355817 271.99046875
0 0
184.997211355817 271.99046875
0 0
184.997211355817 271.99046875
0 0
184.997211355817 271.99046875
0 0
184.997211355817 271.99046875
0 0
184.997211355817 271.99046875
0 0
184.997211355817 271.99046875
0 0
184.997211355817 271.99046875
0 0
184.997211355817 271.99046875
0 0
184.997211355817 271.99046875
0 0
184.997211355817 271.99046875
0 0
138.591315488436 271.99046875
0 0
138.591315488436 271.99046875
0 0
138.591315488436 271.99046875
0 0
138.591315488436 271.99046875
0 0
123.470825314031 271.99046875
0 0
123.470825314031 271.99046875
0 0
123.470825314031 271.99046875
0 0
123.470825314031 271.99046875
0 0
184.997211355817 2077.54421875
0 0
123.470825314031 0
