0 91111.02
1108.73052390749 462.9625
0 92.5925
932.32752303618 462.9625
0 92.5925
830.60939515989 271.99046875
0 5.78703125
739.988845423269 271.99046875
0 283.56453125
932.32752303618 549.76796875
0 5.78703125
987.766602512248 271.99046875
0 5.78703125
932.32752303618 462.9625
0 92.5925
830.60939515989 271.99046875
0 5.78703125
739.988845423269 271.99046875
0 5.78703125
622.253967444162 271.99046875
0 5.78703125
554.365261953744 271.99046875
0 5.78703125
1108.73052390749 462.9625
0 92.5925
932.32752303618 462.9625
0 92.5925
830.60939515989 271.99046875
0 5.78703125
739.988845423269 271.99046875
0 283.56453125
932.32752303618 549.76796875
0 5.78703125
987.766602512248 271.99046875
0 5.78703125
932.32752303618 462.9625
0 92.5925
830.60939515989 271.99046875
0 5.78703125
739.988845423269 271.99046875
0 5.78703125
622.253967444162 271.99046875
0 5.78703125
554.365261953744 271.99046875
0 5.78703125
1108.73052390749 462.9625
0 92.5925
932.32752303618 462.9625
0 92.5925
830.60939515989 271.99046875
0 5.78703125
739.988845423269 271.99046875
0 283.56453125
932.32752303618 549.76796875
0 5.78703125
987.766602512248 271.99046875
0 5.78703125
932.32752303618 462.9625
0 92.5925
830.60939515989 271.99046875
0 5.78703125
739.988845423269 271.99046875
0 5.78703125
622.253967444162 271.99046875
0 5.78703125
554.365261953744 271.99046875
0 5.78703125
1108.73052390749 462.9625
0 92.5925
932.32752303618 462.9625
0 92.5925
830.60939515989 271.99046875
0 5.78703125
739.988845423269 271.99046875
0 283.56453125
932.32752303618 549.76796875
0 5.78703125
987.766602512248 271.99046875
0 5.78703125
932.32752303618 462.9625
0 92.5925
830.60939515989 271.99046875
0 5.78703125
739.988845423269 271.99046875
0 5.78703125
622.253967444162 271.99046875
0 5.78703125
554.365261953744 271.99046875
