0 2777.775
369.994422711634 133.10171875
0 0
415.304697579945 133.10171875
0 0
415.304697579945 133.10171875
0 0
415.304697579945 133.10171875
0 0
369.994422711634 133.10171875
0 0
369.994422711634 133.10171875
0 0
369.994422711634 133.10171875
0 0
415.304697579945 133.10171875
0 0
415.304697579945 133.10171875
0 0
415.304697579945 133.10171875
0 0
369.994422711634 133.10171875
0 0
369.994422711634 133.10171875
0 0
369.994422711634 133.10171875
0 0
415.304697579945 133.10171875
0 0
415.304697579945 133.10171875
0 0
415.304697579945 133.10171875
0 0
369.994422711634 133.10171875
0 0
369.994422711634 133.10171875
0 0
369.994422711634 133.10171875
0 0
415.304697579945 133.10171875
0 0
415.304697579945 133.10171875
0 0
415.304697579945 133.10171875
0 0
369.994422711634 133.10171875
0 0
369.994422711634 133.10171875
0 0
415.304697579945 133.10171875
0 0
415.304697579945 133.10171875
0 0
415.304697579945 133.10171875
0 0
369.994422711634 133.10171875
0 0
369.994422711634 133.10171875
0 0
369.994422711634 133.10171875
0 0
415.304697579945 133.10171875
0 0
415.304697579945 133.10171875
0 0
415.304697579945 133.10171875
0 0
369.994422711634 133.10171875
0 0
369.994422711634 133.10171875
0 0
369.994422711634 133.10171875
0 0
415.304697579945 133.10171875
0 0
415.304697579945 133.10171875
0 0
415.304697579945 133.10171875
0 0
369.994422711634 133.10171875
0 0
369.994422711634 133.10171875
0 0
369.994422711634 133.10171875
0 0
415.304697579945 133.10171875
0 0
415.304697579945 133.10171875
0 0
415.304697579945 133.10171875
0 0
369.994422711634 133.10171875
0 0
369.994422711634 133.10171875
0 0
415.304697579945 133.10171875
0 0
415.304697579945 133.10171875
0 0
415.304697579945 133.10171875
0 0
369.994422711634 133.10171875
0 0
369.994422711634 133.10171875
0 0
369.994422711634 133.10171875
0 0
415.304697579945 133.10171875
0 0
415.304697579945 133.10171875
0 0
415.304697579945 133.10171875
0 0
369.994422711634 133.10171875
0 0
369.994422711634 133.10171875
0 0
369.994422711634 133.10171875
0 0
415.304697579945 133.10171875
0 0
415.304697579945 133.10171875
0 0
415.304697579945 133.10171875
0 0
369.994422711634 133.10171875
0 0
369.994422711634 133.10171875
0 0
369.994422711634 133.10171875
0 0
415.304697579945 133.10171875
0 0
415.304697579945 133.10171875
0 0
415.304697579945 133.10171875
0 0
369.994422711634 133.10171875
0 0
369.994422711634 133.10171875
0 0
369.994422711634 0
