0 15000
493.883301256124 100
0 0
466.16376151809 100
0 0
415.304697579945 400
0 0
391.995435981749 200
0 0
311.126983722081 200
0 200
277.182630976872 200
0 200
277.182630976872 200
0 200
277.182630976872 200
0 200
277.182630976872 200
0 200
246.941650628062 200
0 200
246.941650628062 200
0 200
233.081880759045 200
0 200
233.081880759045 200
0 200
246.941650628062 200
0 200
246.941650628062 200
0 200
246.941650628062 200
0 200
246.941650628062 200
0 1800
277.182630976872 200
0 200
277.182630976872 200
0 200
277.182630976872 200
0 200
277.182630976872 200
0 200
246.941650628062 200
0 200
246.941650628062 200
0 200
233.081880759045 200
0 200
233.081880759045 200
0 200
246.941650628062 200
0 200
246.941650628062 200
0 200
246.941650628062 200
0 200
246.941650628062 200
0 7200
233.081880759045 6400
0 0
233.081880759045 6200
0 0
493.883301256124 100
0 0
466.16376151809 100
0 0
415.304697579945 400
0 0
391.995435981749 200
0 0
311.126983722081 200
0 200
277.182630976872 200
0 200
277.182630976872 200
0 200
277.182630976872 200
0 200
277.182630976872 200
0 200
246.941650628062 200
0 200
246.941650628062 200
0 200
233.081880759045 200
0 200
233.081880759045 200
0 200
246.941650628062 200
0 200
246.941650628062 200
0 200
246.941650628062 200
0 200
246.941650628062 200
0 1800
277.182630976872 200
0 200
277.182630976872 200
0 200
277.182630976872 200
0 200
277.182630976872 200
0 200
246.941650628062 200
0 200
246.941650628062 200
0 200
233.081880759045 200
0 200
233.081880759045 200
0 200
246.941650628062 200
0 200
246.941650628062 200
0 200
246.941650628062 200
0 200
246.941650628062 200
0 1600
622.253967444162 100
0 0
493.883301256124 100
0 0
415.304697579945 100
0 0
554.365261953744 100
0 0
622.253967444162 100
0 0
493.883301256124 100
0 0
415.304697579945 100
0 0
554.365261953744 100
0 0
622.253967444162 100
0 0
493.883301256124 100
0 0
415.304697579945 100
0 0
554.365261953744 100
0 0
622.253967444162 100
0 0
493.883301256124 100
0 0
415.304697579945 100
0 0
554.365261953744 100
0 0
622.253967444162 100
0 0
493.883301256124 100
0 0
415.304697579945 100
0 0
554.365261953744 100
0 0
622.253967444162 100
0 0
493.883301256124 100
0 0
415.304697579945 100
0 0
554.365261953744 100
0 0
622.253967444162 100
0 0
493.883301256124 100
0 0
415.304697579945 100
0 0
554.365261953744 100
0 0
659.25511382574 100
0 0
622.253967444162 100
0 0
493.883301256124 100
0 0
415.304697579945 100
0 0
622.253967444162 100
0 0
493.883301256124 100
0 0
415.304697579945 100
0 0
554.365261953744 100
0 0
622.253967444162 100
0 0
493.883301256124 100
0 0
415.304697579945 100
0 0
554.365261953744 100
0 0
622.253967444162 100
0 0
493.883301256124 100
0 0
415.304697579945 100
0 0
554.365261953744 100
0 0
622.253967444162 100
0 0
493.883301256124 100
0 0
415.304697579945 100
0 0
554.365261953744 100
0 0
622.253967444162 100
0 0
493.883301256124 100
0 0
415.304697579945 100
0 0
554.365261953744 100
0 0
622.253967444162 100
0 0
493.883301256124 100
0 0
415.304697579945 100
0 0
554.365261953744 100
0 0
622.253967444162 100
0 0
493.883301256124 100
0 0
415.304697579945 100
0 0
554.365261953744 100
0 0
659.25511382574 100
0 0
622.253967444162 100
0 0
493.883301256124 100
0 0
415.304697579945 100
0 0
622.253967444162 100
0 0
493.883301256124 100
0 0
415.304697579945 100
0 0
554.365261953744 100
0 0
622.253967444162 100
0 0
493.883301256124 100
0 0
415.304697579945 100
0 0
554.365261953744 100
0 0
622.253967444162 100
0 0
493.883301256124 100
0 0
415.304697579945 100
0 0
554.365261953744 100
0 0
622.253967444162 100
0 0
493.883301256124 100
0 0
415.304697579945 100
0 0
554.365261953744 100
0 0
622.253967444162 100
0 0
493.883301256124 100
0 0
415.304697579945 100
0 0
554.365261953744 100
0 0
622.253967444162 100
0 0
493.883301256124 100
0 0
415.304697579945 100
0 0
554.365261953744 100
0 0
622.253967444162 100
0 0
493.883301256124 100
0 0
415.304697579945 100
0 0
554.365261953744 100
0 0
659.25511382574 100
0 0
622.253967444162 100
0 0
493.883301256124 100
0 0
415.304697579945 100
0 0
622.253967444162 100
0 0
493.883301256124 100
0 0
415.304697579945 100
0 0
554.365261953744 100
0 0
622.253967444162 100
0 0
493.883301256124 100
0 0
415.304697579945 100
0 0
554.365261953744 100
0 0
622.253967444162 100
0 0
493.883301256124 100
0 0
415.304697579945 100
0 0
554.365261953744 100
0 0
622.253967444162 100
0 0
493.883301256124 100
0 0
415.304697579945 100
0 0
554.365261953744 100
0 0
622.253967444162 100
0 0
493.883301256124 100
0 0
415.304697579945 100
0 0
554.365261953744 100
0 0
622.253967444162 100
0 0
493.883301256124 100
0 0
415.304697579945 100
0 0
554.365261953744 100
0 0
622.253967444162 100
0 0
493.883301256124 100
0 0
415.304697579945 100
0 0
554.365261953744 100
0 0
659.25511382574 100
0 0
622.253967444162 100
0 0
493.883301256124 100
0 0
415.304697579945 100
0 200
277.182630976872 200
0 200
277.182630976872 200
0 200
277.182630976872 200
0 200
277.182630976872 200
0 200
246.941650628062 200
0 200
246.941650628062 200
0 200
233.081880759045 200
0 200
233.081880759045 200
0 200
246.941650628062 200
0 200
246.941650628062 200
0 200
246.941650628062 200
0 200
246.941650628062 200
0 2000
830.60939515989 400
0 0
1108.73052390749 400
0 0
1244.50793488832 400
0 4800
311.126983722081 500
0 100
311.126983722081 50
0 50
311.126983722081 200
0 0
311.126983722081 50
0 50
311.126983722081 300
0 100
311.126983722081 50
0 50
277.182630976872 50
0 50
329.62755691287 500
0 100
329.62755691287 50
0 50
329.62755691287 200
0 0
329.62755691287 50
0 50
329.62755691287 300
0 100
329.62755691287 50
0 50
293.664767917408 50
0 50
311.126983722081 500
0 100
311.126983722081 50
0 50
311.126983722081 200
0 0
311.126983722081 50
0 50
311.126983722081 300
0 100
311.126983722081 50
0 50
277.182630976872 50
0 50
329.62755691287 500
0 100
329.62755691287 50
0 50
329.62755691287 200
0 0
329.62755691287 50
0 50
329.62755691287 300
0 100
329.62755691287 50
0 50
293.664767917408 50
0 50
622.253967444162 500
0 100
622.253967444162 50
0 50
622.253967444162 200
0 0
622.253967444162 50
0 50
622.253967444162 300
0 100
622.253967444162 50
0 50
554.365261953744 50
0 50
659.25511382574 500
0 100
659.25511382574 50
0 50
659.25511382574 200
0 0
659.25511382574 50
0 50
659.25511382574 300
0 100
659.25511382574 50
0 50
587.329535834815 50
0 50
622.253967444162 500
0 100
622.253967444162 50
0 50
622.253967444162 200
0 0
622.253967444162 50
0 50
622.253967444162 300
0 100
622.253967444162 50
0 50
554.365261953744 50
0 50
659.25511382574 500
0 100
659.25511382574 50
0 50
659.25511382574 200
0 0
659.25511382574 50
0 50
659.25511382574 200
0 0
739.988845423269 400
0 0
830.60939515989 600
0 0
554.365261953744 600
0 0
622.253967444162 400
0 0
493.883301256124 1600
0 0
554.365261953744 500
0 0
493.883301256124 50
0 0
554.365261953744 50
0 0
739.988845423269 600
0 0
415.304697579945 400
0 0
493.883301256124 400
0 0
554.365261953744 400
0 0
622.253967444162 800
0 0
830.60939515989 600
0 0
554.365261953744 600
0 0
622.253967444162 400
0 0
493.883301256124 1600
0 0
554.365261953744 500
0 0
493.883301256124 50
0 0
554.365261953744 50
0 0
739.988845423269 600
0 0
415.304697579945 400
0 0
493.883301256124 400
0 0
554.365261953744 400
0 0
622.253967444162 800
0 0
830.60939515989 600
0 0
554.365261953744 600
0 0
622.253967444162 400
0 0
493.883301256124 1600
0 3200
622.253967444162 100
0 0
554.365261953744 100
0 0
622.253967444162 100
0 0
415.304697579945 100
0 0
622.253967444162 100
0 0
554.365261953744 100
0 0
622.253967444162 100
0 0
415.304697579945 100
0 0
622.253967444162 100
0 0
554.365261953744 100
0 0
622.253967444162 100
0 0
415.304697579945 100
0 0
622.253967444162 100
0 0
554.365261953744 100
0 0
622.253967444162 100
0 0
415.304697579945 100
0 0
659.25511382574 100
0 0
622.253967444162 100
0 0
659.25511382574 100
0 0
493.883301256124 100
0 0
659.25511382574 100
0 0
622.253967444162 100
0 0
659.25511382574 100
0 0
493.883301256124 100
0 0
659.25511382574 100
0 0
622.253967444162 100
0 0
659.25511382574 100
0 0
493.883301256124 100
0 0
659.25511382574 100
0 0
622.253967444162 100
0 0
659.25511382574 100
0 0
493.883301256124 100
0 0
554.365261953744 100
0 0
493.883301256124 100
0 0
466.16376151809 100
0 0
369.994422711634 100
0 0
554.365261953744 100
0 0
493.883301256124 100
0 0
466.16376151809 100
0 0
369.994422711634 100
0 0
554.365261953744 100
0 0
493.883301256124 100
0 0
466.16376151809 100
0 0
369.994422711634 100
0 0
554.365261953744 100
0 0
493.883301256124 100
0 0
466.16376151809 100
0 0
369.994422711634 100
0 0
659.25511382574 100
0 0
622.253967444162 100
0 0
493.883301256124 100
0 0
415.304697579945 100
0 0
659.25511382574 100
0 0
622.253967444162 100
0 0
493.883301256124 100
0 0
415.304697579945 100
0 0
622.253967444162 100
0 0
466.16376151809 100
0 0
391.995435981749 100
0 0
554.365261953744 100
0 0
622.253967444162 100
0 0
466.16376151809 100
0 0
391.995435981749 100
0 0
554.365261953744 100
0 0
622.253967444162 100
0 0
493.883301256124 100
0 0
415.304697579945 100
0 0
554.365261953744 100
0 0
622.253967444162 100
0 0
493.883301256124 100
0 0
415.304697579945 100
0 0
554.365261953744 100
0 0
622.253967444162 100
0 0
493.883301256124 100
0 0
415.304697579945 100
0 0
554.365261953744 100
0 0
622.253967444162 100
0 0
493.883301256124 100
0 0
415.304697579945 100
0 0
554.365261953744 100
0 0
622.253967444162 100
0 0
493.883301256124 100
0 0
415.304697579945 100
0 0
554.365261953744 100
0 0
622.253967444162 100
0 0
493.883301256124 100
0 0
415.304697579945 100
0 0
554.365261953744 100
0 0
622.253967444162 100
0 0
493.883301256124 100
0 0
415.304697579945 100
0 0
554.365261953744 100
0 0
659.25511382574 100
0 0
622.253967444162 100
0 0
493.883301256124 100
0 0
415.304697579945 100
0 0
622.253967444162 100
0 0
493.883301256124 100
0 0
415.304697579945 100
0 0
554.365261953744 100
0 0
622.253967444162 100
0 0
493.883301256124 100
0 0
415.304697579945 100
0 0
554.365261953744 100
0 0
622.253967444162 100
0 0
493.883301256124 100
0 0
415.304697579945 100
0 0
554.365261953744 100
0 0
622.253967444162 100
0 0
493.883301256124 100
0 0
415.304697579945 100
0 0
554.365261953744 100
0 0
622.253967444162 100
0 0
493.883301256124 100
0 0
415.304697579945 100
0 0
554.365261953744 100
0 0
622.253967444162 100
0 0
493.883301256124 100
0 0
415.304697579945 100
0 0
554.365261953744 100
0 0
622.253967444162 100
0 0
493.883301256124 100
0 0
415.304697579945 100
0 0
554.365261953744 100
0 0
659.25511382574 100
0 0
622.253967444162 100
0 0
493.883301256124 100
0 0
415.304697579945 100
0 0
622.253967444162 100
0 0
493.883301256124 100
0 0
415.304697579945 100
0 0
554.365261953744 100
0 0
622.253967444162 100
0 0
493.883301256124 100
0 0
415.304697579945 100
0 0
554.365261953744 100
0 0
622.253967444162 100
0 0
493.883301256124 100
0 0
415.304697579945 100
0 0
554.365261953744 100
0 0
622.253967444162 100
0 0
493.883301256124 100
0 0
415.304697579945 100
0 0
554.365261953744 100
0 0
622.253967444162 100
0 0
493.883301256124 100
0 0
415.304697579945 100
0 0
554.365261953744 100
0 0
622.253967444162 100
0 0
493.883301256124 100
0 0
415.304697579945 100
0 0
554.365261953744 100
0 0
622.253967444162 100
0 0
493.883301256124 100
0 0
415.304697579945 100
0 0
554.365261953744 100
0 0
659.25511382574 100
0 0
622.253967444162 100
0 0
493.883301256124 100
0 0
415.304697579945 100
0 0
622.253967444162 100
0 0
493.883301256124 100
0 0
415.304697579945 100
0 0
554.365261953744 100
0 0
622.253967444162 100
0 0
493.883301256124 100
0 0
415.304697579945 100
0 0
554.365261953744 100
0 0
622.253967444162 100
0 0
493.883301256124 100
0 0
415.304697579945 100
0 0
554.365261953744 100
0 0
622.253967444162 100
0 0
493.883301256124 100
0 0
415.304697579945 100
0 0
554.365261953744 100
0 0
329.62755691287 500
0 100
329.62755691287 50
0 50
329.62755691287 200
0 0
369.994422711634 50
0 50
369.994422711634 300
0 300
311.126983722081 500
0 100
311.126983722081 50
0 50
311.126983722081 200
0 0
311.126983722081 50
0 50
311.126983722081 300
0 100
311.126983722081 50
0 50
277.182630976872 50
0 50
329.62755691287 500
0 100
329.62755691287 50
0 50
329.62755691287 200
0 0
329.62755691287 50
0 50
329.62755691287 300
0 100
329.62755691287 50
0 50
277.182630976872 50
0 50
277.182630976872 500
0 100
277.182630976872 50
0 50
277.182630976872 200
0 0
277.182630976872 50
0 50
277.182630976872 300
0 100
277.182630976872 50
0 50
277.182630976872 50
0 50
369.994422711634 500
0 100
369.994422711634 50
0 50
369.994422711634 200
0 0
233.081880759045 50
0 50
233.081880759045 300
0 100
233.081880759045 50
0 50
233.081880759045 50
0 50
311.126983722081 500
0 100
311.126983722081 50
0 50
311.126983722081 200
0 0
311.126983722081 50
0 50
311.126983722081 300
0 100
311.126983722081 50
0 50
277.182630976872 50
0 50
329.62755691287 500
0 100
329.62755691287 50
0 50
329.62755691287 200
0 0
329.62755691287 50
0 50
329.62755691287 300
0 100
329.62755691287 50
0 50
277.182630976872 50
0 50
277.182630976872 500
0 100
277.182630976872 50
0 50
277.182630976872 200
0 0
277.182630976872 50
0 50
277.182630976872 300
0 100
277.182630976872 50
0 50
277.182630976872 50
0 50
311.126983722081 500
0 100
311.126983722081 50
0 50
311.126983722081 200
0 0
311.126983722081 50
0 50
311.126983722081 300
0 13100
311.126983722081 500
0 100
311.126983722081 50
0 50
311.126983722081 200
0 0
311.126983722081 50
0 50
311.126983722081 300
0 1900
277.182630976872 500
0 100
277.182630976872 50
0 50
277.182630976872 200
0 0
277.182630976872 50
0 50
277.182630976872 300
0 1900
622.253967444162 500
0 100
622.253967444162 50
0 50
622.253967444162 200
0 0
622.253967444162 50
0 50
622.253967444162 300
0 1900
622.253967444162 500
0 100
622.253967444162 50
0 50
622.253967444162 200
0 0
622.253967444162 50
0 50
622.253967444162 300
0 100
622.253967444162 50
0 50
554.365261953744 50
0 50
659.25511382574 500
0 100
659.25511382574 50
0 50
659.25511382574 200
0 0
659.25511382574 50
0 50
659.25511382574 200
0 0
739.988845423269 400
0 0
830.60939515989 600
0 0
554.365261953744 600
0 0
622.253967444162 400
0 0
493.883301256124 1600
0 0
554.365261953744 500
0 0
493.883301256124 50
0 0
554.365261953744 50
0 0
739.988845423269 600
0 0
415.304697579945 400
0 0
493.883301256124 400
0 0
554.365261953744 400
0 0
622.253967444162 800
0 0
830.60939515989 600
0 0
554.365261953744 600
0 0
622.253967444162 400
0 0
493.883301256124 1600
0 1600
329.62755691287 500
0 100
329.62755691287 50
0 50
329.62755691287 200
0 0
369.994422711634 50
0 50
369.994422711634 300
0 300
311.126983722081 500
0 100
311.126983722081 50
0 50
311.126983722081 200
0 0
311.126983722081 50
0 50
311.126983722081 300
0 100
311.126983722081 50
0 50
277.182630976872 50
0 50
329.62755691287 500
0 100
329.62755691287 50
0 50
329.62755691287 200
0 0
329.62755691287 50
0 50
329.62755691287 300
0 100
329.62755691287 50
0 50
277.182630976872 50
0 50
277.182630976872 500
0 100
277.182630976872 50
0 50
277.182630976872 200
0 0
277.182630976872 50
0 50
277.182630976872 300
0 100
277.182630976872 50
0 50
277.182630976872 50
0 50
369.994422711634 500
0 100
369.994422711634 50
0 50
369.994422711634 200
0 0
233.081880759045 50
0 50
233.081880759045 300
0 100
233.081880759045 50
0 50
233.081880759045 50
0 50
311.126983722081 500
0 100
311.126983722081 50
0 50
311.126983722081 200
0 0
311.126983722081 50
0 50
311.126983722081 300
0 100
311.126983722081 50
0 50
277.182630976872 50
0 50
329.62755691287 500
0 100
329.62755691287 50
0 50
329.62755691287 200
0 0
329.62755691287 50
0 50
329.62755691287 300
0 100
329.62755691287 50
0 50
277.182630976872 50
0 50
277.182630976872 500
0 100
277.182630976872 50
0 50
277.182630976872 200
0 0
277.182630976872 50
0 50
277.182630976872 300
0 100
277.182630976872 50
0 50
277.182630976872 50
0 50
311.126983722081 500
0 100
311.126983722081 50
0 50
311.126983722081 200
0 0
311.126983722081 50
0 50
311.126983722081 300
0 300
311.126983722081 500
0 100
311.126983722081 50
0 50
311.126983722081 200
0 0
311.126983722081 50
0 50
311.126983722081 300
0 100
311.126983722081 50
0 50
277.182630976872 50
0 50
311.126983722081 600
0 16000
493.883301256124 100
0 0
466.16376151809 100
0 0
415.304697579945 400
0 0
391.995435981749 200
0 0
311.126983722081 200
0 200
277.182630976872 200
0 200
277.182630976872 200
0 200
277.182630976872 200
0 200
277.182630976872 200
0 200
246.941650628062 200
0 200
246.941650628062 200
0 200
233.081880759045 200
0 200
233.081880759045 200
0 200
246.941650628062 200
0 200
246.941650628062 200
0 200
246.941650628062 200
0 200
246.941650628062 200
0 1800
277.182630976872 200
0 200
277.182630976872 200
0 200
277.182630976872 200
0 200
277.182630976872 200
0 200
246.941650628062 200
0 200
246.941650628062 200
0 200
233.081880759045 200
0 200
233.081880759045 200
0 200
246.941650628062 200
0 200
246.941650628062 200
0 200
246.941650628062 200
0 200
246.941650628062 200
0 7200
233.081880759045 6400
0 0
233.081880759045 6200
0 0
493.883301256124 100
0 0
466.16376151809 100
0 0
415.304697579945 400
0 0
391.995435981749 200
0 0
311.126983722081 200
0 200
277.182630976872 200
0 200
277.182630976872 200
0 200
277.182630976872 200
0 200
277.182630976872 200
0 200
246.941650628062 200
0 200
246.941650628062 200
0 200
233.081880759045 200
0 200
233.081880759045 200
0 200
246.941650628062 200
0 200
246.941650628062 200
0 200
246.941650628062 200
0 200
246.941650628062 200
0 1800
277.182630976872 200
0 200
277.182630976872 200
0 200
277.182630976872 200
0 200
277.182630976872 200
0 200
246.941650628062 200
0 200
246.941650628062 200
0 200
233.081880759045 200
0 200
233.081880759045 200
0 200
246.941650628062 200
0 200
246.941650628062 200
0 200
246.941650628062 200
0 200
246.941650628062 200
0 1600
622.253967444162 100
0 0
493.883301256124 100
0 0
415.304697579945 100
0 0
554.365261953744 100
0 0
622.253967444162 100
0 0
493.883301256124 100
0 0
415.304697579945 100
0 0
554.365261953744 100
0 0
622.253967444162 100
0 0
493.883301256124 100
0 0
415.304697579945 100
0 0
554.365261953744 100
0 0
622.253967444162 100
0 0
493.883301256124 100
0 0
415.304697579945 100
0 0
554.365261953744 100
0 0
622.253967444162 100
0 0
493.883301256124 100
0 0
415.304697579945 100
0 0
554.365261953744 100
0 0
622.253967444162 100
0 0
493.883301256124 100
0 0
415.304697579945 100
0 0
554.365261953744 100
0 0
622.253967444162 100
0 0
493.883301256124 100
0 0
415.304697579945 100
0 0
554.365261953744 100
0 0
659.25511382574 100
0 0
622.253967444162 100
0 0
493.883301256124 100
0 0
415.304697579945 100
0 0
622.253967444162 100
0 0
493.883301256124 100
0 0
415.304697579945 100
0 0
554.365261953744 100
0 0
622.253967444162 100
0 0
493.883301256124 100
0 0
415.304697579945 100
0 0
554.365261953744 100
0 0
622.253967444162 100
0 0
493.883301256124 100
0 0
415.304697579945 100
0 0
554.365261953744 100
0 0
622.253967444162 100
0 0
493.883301256124 100
0 0
415.304697579945 100
0 0
554.365261953744 100
0 0
622.253967444162 100
0 0
493.883301256124 100
0 0
415.304697579945 100
0 0
554.365261953744 100
0 0
622.253967444162 100
0 0
493.883301256124 100
0 0
415.304697579945 100
0 0
554.365261953744 100
0 0
622.253967444162 100
0 0
493.883301256124 100
0 0
415.304697579945 100
0 0
554.365261953744 100
0 0
659.25511382574 100
0 0
622.253967444162 100
0 0
493.883301256124 100
0 0
415.304697579945 100
0 0
622.253967444162 100
0 0
493.883301256124 100
0 0
415.304697579945 100
0 0
554.365261953744 100
0 0
622.253967444162 100
0 0
493.883301256124 100
0 0
415.304697579945 100
0 0
554.365261953744 100
0 0
622.253967444162 100
0 0
493.883301256124 100
0 0
415.304697579945 100
0 0
554.365261953744 100
0 0
622.253967444162 100
0 0
493.883301256124 100
0 0
415.304697579945 100
0 0
554.365261953744 100
0 0
622.253967444162 100
0 0
493.883301256124 100
0 0
415.304697579945 100
0 0
554.365261953744 100
0 0
622.253967444162 100
0 0
493.883301256124 100
0 0
415.304697579945 100
0 0
554.365261953744 100
0 0
622.253967444162 100
0 0
493.883301256124 100
0 0
415.304697579945 100
0 0
554.365261953744 100
0 0
659.25511382574 100
0 0
622.253967444162 100
0 0
493.883301256124 100
0 0
415.304697579945 100
0 0
622.253967444162 100
0 0
493.883301256124 100
0 0
415.304697579945 100
0 0
554.365261953744 100
0 0
622.253967444162 100
0 0
493.883301256124 100
0 0
415.304697579945 100
0 0
554.365261953744 100
0 0
622.253967444162 100
0 0
493.883301256124 100
0 0
415.304697579945 100
0 0
554.365261953744 100
0 0
622.253967444162 100
0 0
493.883301256124 100
0 0
415.304697579945 100
0 0
554.365261953744 100
0 0
622.253967444162 100
0 0
493.883301256124 100
0 0
415.304697579945 100
0 0
554.365261953744 100
0 0
622.253967444162 100
0 0
493.883301256124 100
0 0
415.304697579945 100
0 0
554.365261953744 100
0 0
622.253967444162 100
0 0
493.883301256124 100
0 0
415.304697579945 100
0 0
554.365261953744 100
0 0
659.25511382574 100
0 0
622.253967444162 100
0 0
493.883301256124 100
0 0
415.304697579945 100
0 200
277.182630976872 200
0 200
277.182630976872 200
0 200
277.182630976872 200
0 200
277.182630976872 200
0 200
246.941650628062 200
0 200
246.941650628062 200
0 200
233.081880759045 200
0 200
233.081880759045 200
0 200
246.941650628062 200
0 200
246.941650628062 200
0 200
246.941650628062 200
0 200
246.941650628062 200
0 2000
830.60939515989 400
0 0
1108.73052390749 400
0 0
1244.50793488832 400
0 4800
311.126983722081 500
0 100
311.126983722081 50
0 50
311.126983722081 200
0 0
311.126983722081 50
0 50
311.126983722081 300
0 100
311.126983722081 50
0 50
277.182630976872 50
0 50
329.62755691287 500
0 100
329.62755691287 50
0 50
329.62755691287 200
0 0
329.62755691287 50
0 50
329.62755691287 300
0 100
329.62755691287 50
0 50
293.664767917408 50
0 50
311.126983722081 500
0 100
311.126983722081 50
0 50
311.126983722081 200
0 0
311.126983722081 50
0 50
311.126983722081 300
0 100
311.126983722081 50
0 50
277.182630976872 50
0 50
329.62755691287 500
0 100
329.62755691287 50
0 50
329.62755691287 200
0 0
329.62755691287 50
0 50
329.62755691287 300
0 100
329.62755691287 50
0 50
293.664767917408 50
0 50
622.253967444162 500
0 100
622.253967444162 50
0 50
622.253967444162 200
0 0
622.253967444162 50
0 50
622.253967444162 300
0 100
622.253967444162 50
0 50
554.365261953744 50
0 50
659.25511382574 500
0 100
659.25511382574 50
0 50
659.25511382574 200
0 0
659.25511382574 50
0 50
659.25511382574 300
0 100
659.25511382574 50
0 50
587.329535834815 50
0 50
622.253967444162 500
0 100
622.253967444162 50
0 50
622.253967444162 200
0 0
622.253967444162 50
0 50
622.253967444162 300
0 100
622.253967444162 50
0 50
554.365261953744 50
0 50
659.25511382574 500
0 100
659.25511382574 50
0 50
659.25511382574 200
0 0
659.25511382574 50
0 50
659.25511382574 200
0 0
739.988845423269 400
0 0
830.60939515989 600
0 0
554.365261953744 600
0 0
622.253967444162 400
0 0
493.883301256124 1600
0 0
554.365261953744 500
0 0
493.883301256124 50
0 0
554.365261953744 50
0 0
739.988845423269 600
0 0
415.304697579945 400
0 0
493.883301256124 400
0 0
554.365261953744 400
0 0
622.253967444162 800
0 0
830.60939515989 600
0 0
554.365261953744 600
0 0
622.253967444162 400
0 0
493.883301256124 1600
0 0
554.365261953744 500
0 0
493.883301256124 50
0 0
554.365261953744 50
0 0
739.988845423269 600
0 0
415.304697579945 400
0 0
493.883301256124 400
0 0
554.365261953744 400
0 0
622.253967444162 800
0 0
830.60939515989 600
0 0
554.365261953744 600
0 0
622.253967444162 400
0 0
493.883301256124 1600
0 3200
622.253967444162 100
0 0
554.365261953744 100
0 0
622.253967444162 100
0 0
415.304697579945 100
0 0
622.253967444162 100
0 0
554.365261953744 100
0 0
622.253967444162 100
0 0
415.304697579945 100
0 0
622.253967444162 100
0 0
554.365261953744 100
0 0
622.253967444162 100
0 0
415.304697579945 100
0 0
622.253967444162 100
0 0
554.365261953744 100
0 0
622.253967444162 100
0 0
415.304697579945 100
0 0
659.25511382574 100
0 0
622.253967444162 100
0 0
659.25511382574 100
0 0
493.883301256124 100
0 0
659.25511382574 100
0 0
622.253967444162 100
0 0
659.25511382574 100
0 0
493.883301256124 100
0 0
659.25511382574 100
0 0
622.253967444162 100
0 0
659.25511382574 100
0 0
493.883301256124 100
0 0
659.25511382574 100
0 0
622.253967444162 100
0 0
659.25511382574 100
0 0
493.883301256124 100
0 0
554.365261953744 100
0 0
493.883301256124 100
0 0
466.16376151809 100
0 0
369.994422711634 100
0 0
554.365261953744 100
0 0
493.883301256124 100
0 0
466.16376151809 100
0 0
369.994422711634 100
0 0
554.365261953744 100
0 0
493.883301256124 100
0 0
466.16376151809 100
0 0
369.994422711634 100
0 0
554.365261953744 100
0 0
493.883301256124 100
0 0
466.16376151809 100
0 0
369.994422711634 100
0 0
659.25511382574 100
0 0
622.253967444162 100
0 0
493.883301256124 100
0 0
415.304697579945 100
0 0
659.25511382574 100
0 0
622.253967444162 100
0 0
493.883301256124 100
0 0
415.304697579945 100
0 0
622.253967444162 100
0 0
466.16376151809 100
0 0
391.995435981749 100
0 0
554.365261953744 100
0 0
622.253967444162 100
0 0
466.16376151809 100
0 0
391.995435981749 100
0 0
554.365261953744 100
0 0
622.253967444162 100
0 0
493.883301256124 100
0 0
415.304697579945 100
0 0
554.365261953744 100
0 0
622.253967444162 100
0 0
493.883301256124 100
0 0
415.304697579945 100
0 0
554.365261953744 100
0 0
622.253967444162 100
0 0
493.883301256124 100
0 0
415.304697579945 100
0 0
554.365261953744 100
0 0
622.253967444162 100
0 0
493.883301256124 100
0 0
415.304697579945 100
0 0
554.365261953744 100
0 0
622.253967444162 100
0 0
493.883301256124 100
0 0
415.304697579945 100
0 0
554.365261953744 100
0 0
622.253967444162 100
0 0
493.883301256124 100
0 0
415.304697579945 100
0 0
554.365261953744 100
0 0
622.253967444162 100
0 0
493.883301256124 100
0 0
415.304697579945 100
0 0
554.365261953744 100
0 0
659.25511382574 100
0 0
622.253967444162 100
0 0
493.883301256124 100
0 0
415.304697579945 100
0 0
622.253967444162 100
0 0
493.883301256124 100
0 0
415.304697579945 100
0 0
554.365261953744 100
0 0
622.253967444162 100
0 0
493.883301256124 100
0 0
415.304697579945 100
0 0
554.365261953744 100
0 0
622.253967444162 100
0 0
493.883301256124 100
0 0
415.304697579945 100
0 0
554.365261953744 100
0 0
622.253967444162 100
0 0
493.883301256124 100
0 0
415.304697579945 100
0 0
554.365261953744 100
0 0
622.253967444162 100
0 0
493.883301256124 100
0 0
415.304697579945 100
0 0
554.365261953744 100
0 0
622.253967444162 100
0 0
493.883301256124 100
0 0
415.304697579945 100
0 0
554.365261953744 100
0 0
622.253967444162 100
0 0
493.883301256124 100
0 0
415.304697579945 100
0 0
554.365261953744 100
0 0
659.25511382574 100
0 0
622.253967444162 100
0 0
493.883301256124 100
0 0
415.304697579945 100
0 0
622.253967444162 100
0 0
493.883301256124 100
0 0
415.304697579945 100
0 0
554.365261953744 100
0 0
622.253967444162 100
0 0
493.883301256124 100
0 0
415.304697579945 100
0 0
554.365261953744 100
0 0
622.253967444162 100
0 0
493.883301256124 100
0 0
415.304697579945 100
0 0
554.365261953744 100
0 0
622.253967444162 100
0 0
493.883301256124 100
0 0
415.304697579945 100
0 0
554.365261953744 100
0 0
622.253967444162 100
0 0
493.883301256124 100
0 0
415.304697579945 100
0 0
554.365261953744 100
0 0
622.253967444162 100
0 0
493.883301256124 100
0 0
415.304697579945 100
0 0
554.365261953744 100
0 0
622.253967444162 100
0 0
493.883301256124 100
0 0
415.304697579945 100
0 0
554.365261953744 100
0 0
659.25511382574 100
0 0
622.253967444162 100
0 0
493.883301256124 100
0 0
415.304697579945 100
0 0
622.253967444162 100
0 0
493.883301256124 100
0 0
415.304697579945 100
0 0
554.365261953744 100
0 0
622.253967444162 100
0 0
493.883301256124 100
0 0
415.304697579945 100
0 0
554.365261953744 100
0 0
622.253967444162 100
0 0
493.883301256124 100
0 0
415.304697579945 100
0 0
554.365261953744 100
0 0
622.253967444162 100
0 0
493.883301256124 100
0 0
415.304697579945 100
0 0
554.365261953744 100
0 0
329.62755691287 500
0 100
329.62755691287 50
0 50
329.62755691287 200
0 0
369.994422711634 50
0 50
369.994422711634 300
0 300
311.126983722081 500
0 100
311.126983722081 50
0 50
311.126983722081 200
0 0
311.126983722081 50
0 50
311.126983722081 300
0 100
311.126983722081 50
0 50
277.182630976872 50
0 50
329.62755691287 500
0 100
329.62755691287 50
0 50
329.62755691287 200
0 0
329.62755691287 50
0 50
329.62755691287 300
0 100
329.62755691287 50
0 50
277.182630976872 50
0 50
277.182630976872 500
0 100
277.182630976872 50
0 50
277.182630976872 200
0 0
277.182630976872 50
0 50
277.182630976872 300
0 100
277.182630976872 50
0 50
277.182630976872 50
0 50
369.994422711634 500
0 100
369.994422711634 50
0 50
369.994422711634 200
0 0
233.081880759045 50
0 50
233.081880759045 300
0 100
233.081880759045 50
0 50
233.081880759045 50
0 50
311.126983722081 500
0 100
311.126983722081 50
0 50
311.126983722081 200
0 0
311.126983722081 50
0 50
311.126983722081 300
0 100
311.126983722081 50
0 50
277.182630976872 50
0 50
329.62755691287 500
0 100
329.62755691287 50
0 50
329.62755691287 200
0 0
329.62755691287 50
0 50
329.62755691287 300
0 100
329.62755691287 50
0 50
277.182630976872 50
0 50
277.182630976872 500
0 100
277.182630976872 50
0 50
277.182630976872 200
0 0
277.182630976872 50
0 50
277.182630976872 300
0 100
277.182630976872 50
0 50
277.182630976872 50
0 50
311.126983722081 500
0 100
311.126983722081 50
0 50
311.126983722081 200
0 0
311.126983722081 50
0 50
311.126983722081 300
0 13100
311.126983722081 500
0 100
311.126983722081 50
0 50
311.126983722081 200
0 0
311.126983722081 50
0 50
311.126983722081 300
0 1900
277.182630976872 500
0 100
277.182630976872 50
0 50
277.182630976872 200
0 0
277.182630976872 50
0 50
277.182630976872 300
0 1900
622.253967444162 500
0 100
622.253967444162 50
0 50
622.253967444162 200
0 0
622.253967444162 50
0 50
622.253967444162 300
0 1900
622.253967444162 500
0 100
622.253967444162 50
0 50
622.253967444162 200
0 0
622.253967444162 50
0 50
622.253967444162 300
0 100
622.253967444162 50
0 50
554.365261953744 50
0 50
659.25511382574 500
0 100
659.25511382574 50
0 50
659.25511382574 200
0 0
659.25511382574 50
0 50
659.25511382574 200
0 0
739.988845423269 400
0 0
830.60939515989 600
0 0
554.365261953744 600
0 0
622.253967444162 400
0 0
493.883301256124 1600
0 0
554.365261953744 500
0 0
493.883301256124 50
0 0
554.365261953744 50
0 0
739.988845423269 600
0 0
415.304697579945 400
0 0
493.883301256124 400
0 0
554.365261953744 400
0 0
622.253967444162 800
0 0
830.60939515989 600
0 0
554.365261953744 600
0 0
622.253967444162 400
0 0
493.883301256124 1600
0 1600
329.62755691287 500
0 100
329.62755691287 50
0 50
329.62755691287 200
0 0
369.994422711634 50
0 50
369.994422711634 300
0 300
311.126983722081 500
0 100
311.126983722081 50
0 50
311.126983722081 200
0 0
311.126983722081 50
0 50
311.126983722081 300
0 100
311.126983722081 50
0 50
277.182630976872 50
0 50
329.62755691287 500
0 100
329.62755691287 50
0 50
329.62755691287 200
0 0
329.62755691287 50
0 50
329.62755691287 300
0 100
329.62755691287 50
0 50
277.182630976872 50
0 50
277.182630976872 500
0 100
277.182630976872 50
0 50
277.182630976872 200
0 0
277.182630976872 50
0 50
277.182630976872 300
0 100
277.182630976872 50
0 50
277.182630976872 50
0 50
369.994422711634 500
0 100
369.994422711634 50
0 50
369.994422711634 200
0 0
233.081880759045 50
0 50
233.081880759045 300
0 100
233.081880759045 50
0 50
233.081880759045 50
0 50
311.126983722081 500
0 100
311.126983722081 50
0 50
311.126983722081 200
0 0
311.126983722081 50
0 50
311.126983722081 300
0 100
311.126983722081 50
0 50
277.182630976872 50
0 50
329.62755691287 500
0 100
329.62755691287 50
0 50
329.62755691287 200
0 0
329.62755691287 50
0 50
329.62755691287 300
0 100
329.62755691287 50
0 50
277.182630976872 50
0 50
277.182630976872 500
0 100
277.182630976872 50
0 50
277.182630976872 200
0 0
277.182630976872 50
0 50
277.182630976872 300
0 100
277.182630976872 50
0 50
277.182630976872 50
0 50
311.126983722081 500
0 100
311.126983722081 50
0 50
311.126983722081 200
0 0
311.126983722081 50
0 50
311.126983722081 300
0 300
311.126983722081 500
0 100
311.126983722081 50
0 50
311.126983722081 200
0 0
311.126983722081 50
0 50
311.126983722081 300
0 100
311.126983722081 50
0 50
277.182630976872 50
0 50
311.126983722081 600
