0 41200
311.126983722081 8800
0 0
622.253967444162 400
0 0
622.253967444162 200
0 100
554.365261953744 200
0 100
493.883301256124 200
0 0
415.304697579945 600
0 0
329.62755691287 600
0 0
311.126983722081 400
0 3600
622.253967444162 400
0 0
622.253967444162 200
0 100
554.365261953744 200
0 100
493.883301256124 200
0 0
415.304697579945 600
0 0
329.62755691287 600
0 0
311.126983722081 400
0 1800
207.652348789973 200
0 200
207.652348789973 200
0 200
207.652348789973 200
0 200
207.652348789973 200
0 200
246.941650628062 200
0 200
246.941650628062 200
0 200
233.081880759045 200
0 200
233.081880759045 200
0 200
277.182630976872 200
0 200
277.182630976872 200
0 200
277.182630976872 200
0 200
277.182630976872 200
0 200
246.941650628062 200
0 200
246.941650628062 200
0 200
233.081880759045 200
0 200
233.081880759045 200
0 200
207.652348789973 200
0 200
207.652348789973 200
0 200
207.652348789973 200
0 200
207.652348789973 200
0 200
246.941650628062 200
0 200
246.941650628062 200
0 200
233.081880759045 200
0 200
233.081880759045 200
0 200
277.182630976872 200
0 200
277.182630976872 200
0 200
277.182630976872 200
0 200
277.182630976872 200
0 200
246.941650628062 200
0 200
246.941650628062 200
0 200
233.081880759045 200
0 200
233.081880759045 200
0 2000
622.253967444162 400
0 0
622.253967444162 200
0 100
554.365261953744 200
0 100
739.988845423269 200
0 0
554.365261953744 800
0 0
246.941650628062 166.666666666667
0 233.333333333333
493.883301256124 200
0 17800
311.126983722081 500
0 100
311.126983722081 50
0 50
311.126983722081 200
0 0
311.126983722081 50
0 50
311.126983722081 300
0 100
311.126983722081 50
0 50
277.182630976872 50
0 50
329.62755691287 500
0 100
329.62755691287 50
0 50
329.62755691287 200
0 0
329.62755691287 50
0 50
329.62755691287 300
0 300
311.126983722081 100
0 100
311.126983722081 200
0 0
1244.50793488832 100
0 100
311.126983722081 183.333333333333
0 16.6666666666667
311.126983722081 100
0 100
311.126983722081 200
0 0
1244.50793488832 100
0 100
311.126983722081 200
0 0
246.941650628062 100
0 100
246.941650628062 200
0 0
987.766602512248 100
0 100
246.941650628062 183.333333333333
0 16.6666666666667
246.941650628062 100
0 100
246.941650628062 200
0 0
987.766602512248 100
0 100
246.941650628062 200
0 0
277.182630976872 100
0 100
277.182630976872 200
0 0
1108.73052390749 100
0 100
277.182630976872 183.333333333333
0 16.6666666666667
277.182630976872 100
0 100
277.182630976872 200
0 0
1108.73052390749 100
0 100
277.182630976872 200
0 0
246.941650628062 100
0 100
246.941650628062 200
0 0
987.766602512248 100
0 100
246.941650628062 183.333333333333
0 16.6666666666667
233.081880759045 100
0 100
233.081880759045 200
0 0
932.32752303618 100
0 100
233.081880759045 200
0 0
311.126983722081 100
0 100
311.126983722081 200
0 0
1244.50793488832 100
0 100
311.126983722081 183.333333333333
0 16.6666666666667
311.126983722081 100
0 100
311.126983722081 200
0 0
1244.50793488832 100
0 100
311.126983722081 200
0 0
246.941650628062 100
0 100
246.941650628062 200
0 0
987.766602512248 100
0 100
246.941650628062 183.333333333333
0 16.6666666666667
246.941650628062 100
0 100
246.941650628062 200
0 0
987.766602512248 100
0 100
246.941650628062 200
0 0
277.182630976872 100
0 100
277.182630976872 200
0 0
1108.73052390749 100
0 100
277.182630976872 183.333333333333
0 16.6666666666667
277.182630976872 100
0 100
277.182630976872 200
0 0
1108.73052390749 100
0 100
277.182630976872 200
0 0
246.941650628062 100
0 100
246.941650628062 200
0 0
987.766602512248 100
0 100
246.941650628062 183.333333333333
0 16.6666666666667
233.081880759045 100
0 100
233.081880759045 200
0 0
932.32752303618 100
0 100
233.081880759045 200
0 0
311.126983722081 100
0 100
311.126983722081 200
0 0
1244.50793488832 100
0 100
311.126983722081 183.333333333333
0 16.6666666666667
311.126983722081 100
0 100
311.126983722081 200
0 0
1244.50793488832 100
0 100
311.126983722081 200
0 0
246.941650628062 100
0 100
246.941650628062 200
0 0
987.766602512248 100
0 100
246.941650628062 183.333333333333
0 16.6666666666667
246.941650628062 100
0 100
246.941650628062 200
0 0
987.766602512248 100
0 100
246.941650628062 200
0 0
277.182630976872 100
0 100
277.182630976872 200
0 0
1108.73052390749 100
0 100
277.182630976872 183.333333333333
0 16.6666666666667
277.182630976872 100
0 100
277.182630976872 200
0 0
1108.73052390749 100
0 100
277.182630976872 200
0 0
246.941650628062 100
0 100
246.941650628062 200
0 0
987.766602512248 100
0 100
246.941650628062 183.333333333333
0 16.6666666666667
233.081880759045 100
0 100
233.081880759045 200
0 0
932.32752303618 100
0 100
233.081880759045 200
0 6600
207.652348789973 200
0 200
207.652348789973 200
0 200
207.652348789973 200
0 200
207.652348789973 200
0 200
246.941650628062 200
0 200
246.941650628062 200
0 200
233.081880759045 200
0 200
233.081880759045 200
0 200
277.182630976872 200
0 200
277.182630976872 200
0 200
277.182630976872 200
0 200
277.182630976872 200
0 200
246.941650628062 200
0 200
246.941650628062 200
0 200
233.081880759045 200
0 200
233.081880759045 200
0 200
207.652348789973 200
0 200
207.652348789973 200
0 200
207.652348789973 200
0 200
207.652348789973 200
0 200
246.941650628062 200
0 200
246.941650628062 200
0 200
233.081880759045 200
0 200
233.081880759045 200
0 200
277.182630976872 200
0 200
277.182630976872 200
0 200
277.182630976872 200
0 200
277.182630976872 200
0 40000
311.126983722081 100
0 100
311.126983722081 200
0 0
1244.50793488832 100
0 100
311.126983722081 183.333333333333
0 16.6666666666667
311.126983722081 100
0 100
311.126983722081 200
0 0
1244.50793488832 100
0 100
311.126983722081 200
0 0
246.941650628062 100
0 100
246.941650628062 200
0 0
987.766602512248 100
0 100
246.941650628062 183.333333333333
0 16.6666666666667
246.941650628062 100
0 100
246.941650628062 200
0 0
987.766602512248 100
0 100
246.941650628062 200
0 0
277.182630976872 100
0 100
277.182630976872 200
0 0
1108.73052390749 100
0 100
277.182630976872 183.333333333333
0 16.6666666666667
277.182630976872 100
0 100
277.182630976872 200
0 0
1108.73052390749 100
0 100
277.182630976872 200
0 0
246.941650628062 100
0 100
246.941650628062 200
0 0
987.766602512248 100
0 100
246.941650628062 183.333333333333
0 16.6666666666667
233.081880759045 100
0 100
233.081880759045 200
0 0
932.32752303618 100
0 100
233.081880759045 200
0 0
311.126983722081 100
0 100
311.126983722081 200
0 0
1244.50793488832 100
0 100
311.126983722081 183.333333333333
0 16.6666666666667
311.126983722081 100
0 100
311.126983722081 200
0 0
1244.50793488832 100
0 100
311.126983722081 200
0 0
246.941650628062 100
0 100
246.941650628062 200
0 0
987.766602512248 100
0 100
246.941650628062 183.333333333333
0 16.6666666666667
246.941650628062 100
0 100
246.941650628062 200
0 0
987.766602512248 100
0 100
246.941650628062 200
0 0
277.182630976872 100
0 100
277.182630976872 200
0 0
1108.73052390749 100
0 100
277.182630976872 183.333333333333
0 16.6666666666667
277.182630976872 100
0 100
277.182630976872 200
0 0
1108.73052390749 100
0 100
277.182630976872 200
0 58800
311.126983722081 8800
0 0
622.253967444162 400
0 0
622.253967444162 200
0 100
554.365261953744 200
0 100
493.883301256124 200
0 0
415.304697579945 600
0 0
329.62755691287 600
0 0
311.126983722081 400
0 3600
622.253967444162 400
0 0
622.253967444162 200
0 100
554.365261953744 200
0 100
493.883301256124 200
0 0
415.304697579945 600
0 0
329.62755691287 600
0 0
311.126983722081 400
0 1800
207.652348789973 200
0 200
207.652348789973 200
0 200
207.652348789973 200
0 200
207.652348789973 200
0 200
246.941650628062 200
0 200
246.941650628062 200
0 200
233.081880759045 200
0 200
233.081880759045 200
0 200
277.182630976872 200
0 200
277.182630976872 200
0 200
277.182630976872 200
0 200
277.182630976872 200
0 200
246.941650628062 200
0 200
246.941650628062 200
0 200
233.081880759045 200
0 200
233.081880759045 200
0 200
207.652348789973 200
0 200
207.652348789973 200
0 200
207.652348789973 200
0 200
207.652348789973 200
0 200
246.941650628062 200
0 200
246.941650628062 200
0 200
233.081880759045 200
0 200
233.081880759045 200
0 200
277.182630976872 200
0 200
277.182630976872 200
0 200
277.182630976872 200
0 200
277.182630976872 200
0 200
246.941650628062 200
0 200
246.941650628062 200
0 200
233.081880759045 200
0 200
233.081880759045 200
0 2000
622.253967444162 400
0 0
622.253967444162 200
0 100
554.365261953744 200
0 100
739.988845423269 200
0 0
554.365261953744 800
0 0
246.941650628062 166.666666666667
0 233.333333333333
493.883301256124 200
0 17800
311.126983722081 500
0 100
311.126983722081 50
0 50
311.126983722081 200
0 0
311.126983722081 50
0 50
311.126983722081 300
0 100
311.126983722081 50
0 50
277.182630976872 50
0 50
329.62755691287 500
0 100
329.62755691287 50
0 50
329.62755691287 200
0 0
329.62755691287 50
0 50
329.62755691287 300
0 300
311.126983722081 100
0 100
311.126983722081 200
0 0
1244.50793488832 100
0 100
311.126983722081 183.333333333333
0 16.6666666666667
311.126983722081 100
0 100
311.126983722081 200
0 0
1244.50793488832 100
0 100
311.126983722081 200
0 0
246.941650628062 100
0 100
246.941650628062 200
0 0
987.766602512248 100
0 100
246.941650628062 183.333333333333
0 16.6666666666667
246.941650628062 100
0 100
246.941650628062 200
0 0
987.766602512248 100
0 100
246.941650628062 200
0 0
277.182630976872 100
0 100
277.182630976872 200
0 0
1108.73052390749 100
0 100
277.182630976872 183.333333333333
0 16.6666666666667
277.182630976872 100
0 100
277.182630976872 200
0 0
1108.73052390749 100
0 100
277.182630976872 200
0 0
246.941650628062 100
0 100
246.941650628062 200
0 0
987.766602512248 100
0 100
246.941650628062 183.333333333333
0 16.6666666666667
233.081880759045 100
0 100
233.081880759045 200
0 0
932.32752303618 100
0 100
233.081880759045 200
0 0
311.126983722081 100
0 100
311.126983722081 200
0 0
1244.50793488832 100
0 100
311.126983722081 183.333333333333
0 16.6666666666667
311.126983722081 100
0 100
311.126983722081 200
0 0
1244.50793488832 100
0 100
311.126983722081 200
0 0
246.941650628062 100
0 100
246.941650628062 200
0 0
987.766602512248 100
0 100
246.941650628062 183.333333333333
0 16.6666666666667
246.941650628062 100
0 100
246.941650628062 200
0 0
987.766602512248 100
0 100
246.941650628062 200
0 0
277.182630976872 100
0 100
277.182630976872 200
0 0
1108.73052390749 100
0 100
277.182630976872 183.333333333333
0 16.6666666666667
277.182630976872 100
0 100
277.182630976872 200
0 0
1108.73052390749 100
0 100
277.182630976872 200
0 0
246.941650628062 100
0 100
246.941650628062 200
0 0
987.766602512248 100
0 100
246.941650628062 183.333333333333
0 16.6666666666667
233.081880759045 100
0 100
233.081880759045 200
0 0
932.32752303618 100
0 100
233.081880759045 200
0 0
311.126983722081 100
0 100
311.126983722081 200
0 0
1244.50793488832 100
0 100
311.126983722081 183.333333333333
0 16.6666666666667
311.126983722081 100
0 100
311.126983722081 200
0 0
1244.50793488832 100
0 100
311.126983722081 200
0 0
246.941650628062 100
0 100
246.941650628062 200
0 0
987.766602512248 100
0 100
246.941650628062 183.333333333333
0 16.6666666666667
246.941650628062 100
0 100
246.941650628062 200
0 0
987.766602512248 100
0 100
246.941650628062 200
0 0
277.182630976872 100
0 100
277.182630976872 200
0 0
1108.73052390749 100
0 100
277.182630976872 183.333333333333
0 16.6666666666667
277.182630976872 100
0 100
277.182630976872 200
0 0
1108.73052390749 100
0 100
277.182630976872 200
0 0
246.941650628062 100
0 100
246.941650628062 200
0 0
987.766602512248 100
0 100
246.941650628062 183.333333333333
0 16.6666666666667
233.081880759045 100
0 100
233.081880759045 200
0 0
932.32752303618 100
0 100
233.081880759045 200
0 6600
207.652348789973 200
0 200
207.652348789973 200
0 200
207.652348789973 200
0 200
207.652348789973 200
0 200
246.941650628062 200
0 200
246.941650628062 200
0 200
233.081880759045 200
0 200
233.081880759045 200
0 200
277.182630976872 200
0 200
277.182630976872 200
0 200
277.182630976872 200
0 200
277.182630976872 200
0 200
246.941650628062 200
0 200
246.941650628062 200
0 200
233.081880759045 200
0 200
233.081880759045 200
0 200
207.652348789973 200
0 200
207.652348789973 200
0 200
207.652348789973 200
0 200
207.652348789973 200
0 200
246.941650628062 200
0 200
246.941650628062 200
0 200
233.081880759045 200
0 200
233.081880759045 200
0 200
277.182630976872 200
0 200
277.182630976872 200
0 200
277.182630976872 200
0 200
277.182630976872 200
0 40000
311.126983722081 100
0 100
311.126983722081 200
0 0
1244.50793488832 100
0 100
311.126983722081 183.333333333333
0 16.6666666666667
311.126983722081 100
0 100
311.126983722081 200
0 0
1244.50793488832 100
0 100
311.126983722081 200
0 0
246.941650628062 100
0 100
246.941650628062 200
0 0
987.766602512248 100
0 100
246.941650628062 183.333333333333
0 16.6666666666667
246.941650628062 100
0 100
246.941650628062 200
0 0
987.766602512248 100
0 100
246.941650628062 200
0 0
277.182630976872 100
0 100
277.182630976872 200
0 0
1108.73052390749 100
0 100
277.182630976872 183.333333333333
0 16.6666666666667
277.182630976872 100
0 100
277.182630976872 200
0 0
1108.73052390749 100
0 100
277.182630976872 200
0 0
246.941650628062 100
0 100
246.941650628062 200
0 0
987.766602512248 100
0 100
246.941650628062 183.333333333333
0 16.6666666666667
233.081880759045 100
0 100
233.081880759045 200
0 0
932.32752303618 100
0 100
233.081880759045 200
0 0
311.126983722081 100
0 100
311.126983722081 200
0 0
1244.50793488832 100
0 100
311.126983722081 183.333333333333
0 16.6666666666667
311.126983722081 100
0 100
311.126983722081 200
0 0
1244.50793488832 100
0 100
311.126983722081 200
0 0
246.941650628062 100
0 100
246.941650628062 200
0 0
987.766602512248 100
0 100
246.941650628062 183.333333333333
0 16.6666666666667
246.941650628062 100
0 100
246.941650628062 200
0 0
987.766602512248 100
0 100
246.941650628062 200
0 0
277.182630976872 100
0 100
277.182630976872 200
0 0
1108.73052390749 100
0 100
277.182630976872 183.333333333333
0 16.6666666666667
277.182630976872 100
0 100
277.182630976872 200
0 0
1108.73052390749 100
0 100
277.182630976872 200
