0 56400
493.883301256124 400
0 0
493.883301256124 200
0 100
466.16376151809 200
0 100
415.304697579945 200
0 0
493.883301256124 100
0 100
493.883301256124 100
0 100
493.883301256124 100
0 100
493.883301256124 600
0 0
554.365261953744 200
0 0
622.253967444162 3400
0 0
1108.73052390749 100
0 100
1244.50793488832 400
0 0
987.766602512248 100
0 100
1108.73052390749 100
0 100
1108.73052390749 100
0 100
830.60939515989 200
0 0
739.988845423269 200
0 0
830.60939515989 100
0 0
739.988845423269 100
0 0
830.60939515989 1000
0 3600
1108.73052390749 100
0 100
1244.50793488832 400
0 0
987.766602512248 100
0 100
1108.73052390749 100
0 100
1108.73052390749 100
0 100
830.60939515989 200
0 0
739.988845423269 200
0 0
830.60939515989 100
0 0
739.988845423269 100
0 0
830.60939515989 1000
0 27900
415.304697579945 200
0 100
415.304697579945 50
0 50
415.304697579945 200
0 0
415.304697579945 50
0 50
415.304697579945 900
0 0
329.62755691287 200
0 100
329.62755691287 50
0 50
329.62755691287 200
0 0
329.62755691287 50
0 50
329.62755691287 900
0 0
369.994422711634 200
0 100
369.994422711634 50
0 50
369.994422711634 200
0 0
369.994422711634 50
0 50
369.994422711634 900
0 0
329.62755691287 200
0 100
329.62755691287 50
0 50
329.62755691287 200
0 0
329.62755691287 50
0 50
311.126983722081 900
0 0
415.304697579945 200
0 100
415.304697579945 50
0 50
415.304697579945 200
0 0
415.304697579945 50
0 50
415.304697579945 900
0 0
329.62755691287 200
0 100
329.62755691287 50
0 50
329.62755691287 200
0 0
329.62755691287 50
0 50
329.62755691287 900
0 0
369.994422711634 200
0 100
369.994422711634 50
0 50
369.994422711634 200
0 0
369.994422711634 50
0 50
369.994422711634 900
0 0
329.62755691287 200
0 100
329.62755691287 50
0 50
329.62755691287 200
0 0
329.62755691287 50
0 50
311.126983722081 7000
0 0
155.56349186104 8000
0 0
1108.73052390749 100
0 100
1244.50793488832 400
0 0
987.766602512248 100
0 100
1108.73052390749 100
0 100
1108.73052390749 100
0 100
830.60939515989 200
0 0
739.988845423269 200
0 0
830.60939515989 100
0 0
739.988845423269 100
0 0
830.60939515989 1000
0 3600
1108.73052390749 100
0 100
1244.50793488832 400
0 0
987.766602512248 100
0 100
1108.73052390749 100
0 100
1108.73052390749 100
0 100
830.60939515989 200
0 0
739.988845423269 200
0 0
830.60939515989 100
0 0
739.988845423269 100
0 0
830.60939515989 1000
0 1600
1244.50793488832 50
0 50
1244.50793488832 50
0 50
1244.50793488832 50
0 50
1244.50793488832 50
0 38750
415.304697579945 200
0 100
415.304697579945 50
0 50
415.304697579945 200
0 0
415.304697579945 50
0 50
415.304697579945 900
0 0
329.62755691287 200
0 100
329.62755691287 50
0 50
329.62755691287 200
0 0
329.62755691287 50
0 50
329.62755691287 900
0 0
369.994422711634 200
0 100
369.994422711634 50
0 50
369.994422711634 200
0 0
369.994422711634 50
0 50
369.994422711634 900
0 0
329.62755691287 200
0 100
329.62755691287 50
0 50
329.62755691287 200
0 0
329.62755691287 50
0 50
311.126983722081 900
0 0
415.304697579945 200
0 100
415.304697579945 50
0 50
415.304697579945 200
0 0
415.304697579945 50
0 50
415.304697579945 900
0 0
329.62755691287 200
0 100
329.62755691287 50
0 50
329.62755691287 200
0 0
329.62755691287 50
0 50
329.62755691287 3400
0 0
1244.50793488832 50
0 50
1244.50793488832 50
0 50
1244.50793488832 50
0 50
1244.50793488832 50
0 72450
493.883301256124 400
0 0
493.883301256124 200
0 100
466.16376151809 200
0 100
415.304697579945 200
0 0
493.883301256124 100
0 100
493.883301256124 100
0 100
493.883301256124 100
0 100
493.883301256124 600
0 0
554.365261953744 200
0 0
622.253967444162 3400
0 0
1108.73052390749 100
0 100
1244.50793488832 400
0 0
987.766602512248 100
0 100
1108.73052390749 100
0 100
1108.73052390749 100
0 100
830.60939515989 200
0 0
739.988845423269 200
0 0
830.60939515989 100
0 0
739.988845423269 100
0 0
830.60939515989 1000
0 3600
1108.73052390749 100
0 100
1244.50793488832 400
0 0
987.766602512248 100
0 100
1108.73052390749 100
0 100
1108.73052390749 100
0 100
830.60939515989 200
0 0
739.988845423269 200
0 0
830.60939515989 100
0 0
739.988845423269 100
0 0
830.60939515989 1000
0 27900
415.304697579945 200
0 100
415.304697579945 50
0 50
415.304697579945 200
0 0
415.304697579945 50
0 50
415.304697579945 900
0 0
329.62755691287 200
0 100
329.62755691287 50
0 50
329.62755691287 200
0 0
329.62755691287 50
0 50
329.62755691287 900
0 0
369.994422711634 200
0 100
369.994422711634 50
0 50
369.994422711634 200
0 0
369.994422711634 50
0 50
369.994422711634 900
0 0
329.62755691287 200
0 100
329.62755691287 50
0 50
329.62755691287 200
0 0
329.62755691287 50
0 50
311.126983722081 900
0 0
415.304697579945 200
0 100
415.304697579945 50
0 50
415.304697579945 200
0 0
415.304697579945 50
0 50
415.304697579945 900
0 0
329.62755691287 200
0 100
329.62755691287 50
0 50
329.62755691287 200
0 0
329.62755691287 50
0 50
329.62755691287 900
0 0
369.994422711634 200
0 100
369.994422711634 50
0 50
369.994422711634 200
0 0
369.994422711634 50
0 50
369.994422711634 900
0 0
329.62755691287 200
0 100
329.62755691287 50
0 50
329.62755691287 200
0 0
329.62755691287 50
0 50
311.126983722081 7000
0 0
155.56349186104 8000
0 0
1108.73052390749 100
0 100
1244.50793488832 400
0 0
987.766602512248 100
0 100
1108.73052390749 100
0 100
1108.73052390749 100
0 100
830.60939515989 200
0 0
739.988845423269 200
0 0
830.60939515989 100
0 0
739.988845423269 100
0 0
830.60939515989 1000
0 3600
1108.73052390749 100
0 100
1244.50793488832 400
0 0
987.766602512248 100
0 100
1108.73052390749 100
0 100
1108.73052390749 100
0 100
830.60939515989 200
0 0
739.988845423269 200
0 0
830.60939515989 100
0 0
739.988845423269 100
0 0
830.60939515989 1000
0 1600
1244.50793488832 50
0 50
1244.50793488832 50
0 50
1244.50793488832 50
0 50
1244.50793488832 50
0 38750
415.304697579945 200
0 100
415.304697579945 50
0 50
415.304697579945 200
0 0
415.304697579945 50
0 50
415.304697579945 900
0 0
329.62755691287 200
0 100
329.62755691287 50
0 50
329.62755691287 200
0 0
329.62755691287 50
0 50
329.62755691287 900
0 0
369.994422711634 200
0 100
369.994422711634 50
0 50
369.994422711634 200
0 0
369.994422711634 50
0 50
369.994422711634 900
0 0
329.62755691287 200
0 100
329.62755691287 50
0 50
329.62755691287 200
0 0
329.62755691287 50
0 50
311.126983722081 900
0 0
415.304697579945 200
0 100
415.304697579945 50
0 50
415.304697579945 200
0 0
415.304697579945 50
0 50
415.304697579945 900
0 0
329.62755691287 200
0 100
329.62755691287 50
0 50
329.62755691287 200
0 0
329.62755691287 50
0 50
329.62755691287 3400
0 0
1244.50793488832 50
0 50
1244.50793488832 50
0 50
1244.50793488832 50
0 50
1244.50793488832 50
