0 9600
622.253967444162 100
0 0
493.883301256124 100
0 0
415.304697579945 100
0 4500
207.652348789973 1600
0 200
329.62755691287 200
0 200
329.62755691287 200
0 200
329.62755691287 200
0 200
329.62755691287 200
0 200
311.126983722081 200
0 200
311.126983722081 200
0 200
277.182630976872 200
0 200
277.182630976872 200
0 200
329.62755691287 200
0 200
329.62755691287 200
0 200
329.62755691287 200
0 200
329.62755691287 200
0 0
311.126983722081 700
0 0
329.62755691287 100
0 0
311.126983722081 300
0 0
329.62755691287 100
0 0
311.126983722081 100
0 0
277.182630976872 100
0 0
246.941650628062 100
0 0
233.081880759045 100
0 200
329.62755691287 200
0 200
329.62755691287 200
0 200
329.62755691287 200
0 200
329.62755691287 200
0 200
311.126983722081 200
0 200
311.126983722081 200
0 200
277.182630976872 200
0 200
277.182630976872 200
0 200
329.62755691287 200
0 200
329.62755691287 200
0 200
329.62755691287 200
0 200
329.62755691287 200
0 0
311.126983722081 700
0 0
329.62755691287 100
0 0
311.126983722081 300
0 0
329.62755691287 100
0 0
311.126983722081 100
0 0
277.182630976872 100
0 0
246.941650628062 100
0 0
233.081880759045 100
0 0
415.304697579945 1600
0 0
311.126983722081 1200
0 0
329.62755691287 400
0 0
277.182630976872 1600
0 0
246.941650628062 1600
0 0
207.652348789973 1600
0 0
311.126983722081 1200
0 0
329.62755691287 400
0 0
277.182630976872 1600
0 0
246.941650628062 1600
0 0
207.652348789973 4800
0 0
207.652348789973 1600
0 200
329.62755691287 200
0 200
329.62755691287 200
0 200
329.62755691287 200
0 200
329.62755691287 200
0 200
311.126983722081 200
0 200
311.126983722081 200
0 200
277.182630976872 200
0 200
277.182630976872 200
0 200
329.62755691287 200
0 200
329.62755691287 200
0 200
329.62755691287 200
0 200
329.62755691287 200
0 0
311.126983722081 700
0 0
329.62755691287 100
0 0
311.126983722081 300
0 0
329.62755691287 100
0 0
311.126983722081 100
0 0
277.182630976872 100
0 0
246.941650628062 100
0 0
233.081880759045 100
0 200
329.62755691287 200
0 200
329.62755691287 200
0 200
329.62755691287 200
0 200
329.62755691287 200
0 200
311.126983722081 200
0 200
311.126983722081 200
0 200
277.182630976872 200
0 200
277.182630976872 200
0 200
329.62755691287 200
0 200
329.62755691287 200
0 200
329.62755691287 200
0 200
329.62755691287 200
0 0
311.126983722081 700
0 0
329.62755691287 100
0 0
311.126983722081 300
0 0
329.62755691287 100
0 0
311.126983722081 100
0 0
277.182630976872 100
0 0
246.941650628062 100
0 0
233.081880759045 100
0 200
246.941650628062 200
0 200
246.941650628062 200
0 200
246.941650628062 200
0 200
246.941650628062 200
0 200
311.126983722081 200
0 200
311.126983722081 200
0 200
277.182630976872 200
0 200
277.182630976872 200
0 200
329.62755691287 200
0 200
329.62755691287 200
0 200
329.62755691287 200
0 200
329.62755691287 200
0 200
311.126983722081 200
0 200
311.126983722081 200
0 200
277.182630976872 200
0 200
277.182630976872 200
0 200
246.941650628062 200
0 200
246.941650628062 200
0 200
246.941650628062 200
0 200
246.941650628062 200
0 200
311.126983722081 200
0 200
311.126983722081 200
0 200
277.182630976872 200
0 200
277.182630976872 200
0 200
329.62755691287 200
0 200
329.62755691287 200
0 200
329.62755691287 200
0 200
329.62755691287 200
0 200
311.126983722081 200
0 200
311.126983722081 200
0 200
277.182630976872 200
0 200
277.182630976872 200
0 200
329.62755691287 200
0 200
329.62755691287 200
0 200
329.62755691287 200
0 200
329.62755691287 200
0 200
311.126983722081 200
0 200
311.126983722081 200
0 200
277.182630976872 200
0 200
277.182630976872 200
0 200
329.62755691287 200
0 200
329.62755691287 200
0 200
329.62755691287 200
0 200
329.62755691287 200
0 0
311.126983722081 700
0 0
329.62755691287 100
0 0
311.126983722081 300
0 0
329.62755691287 100
0 0
311.126983722081 100
0 0
277.182630976872 100
0 0
246.941650628062 100
0 0
233.081880759045 100
0 200
329.62755691287 200
0 200
329.62755691287 200
0 200
329.62755691287 200
0 200
329.62755691287 200
0 0
622.253967444162 600
0 0
554.365261953744 400
0 0
311.126983722081 100
0 0
329.62755691287 100
0 0
311.126983722081 100
0 0
277.182630976872 100
0 0
246.941650628062 100
0 0
233.081880759045 100
0 0
493.883301256124 200
0 0
415.304697579945 366.666666666667
0 0
466.16376151809 433.333333333333
0 0
369.994422711634 200
0 0
329.62755691287 200
0 0
311.126983722081 200
0 0
622.253967444162 600
0 0
554.365261953744 400
0 0
311.126983722081 100
0 0
329.62755691287 100
0 0
311.126983722081 100
0 0
277.182630976872 100
0 0
246.941650628062 100
0 0
233.081880759045 100
0 0
415.304697579945 500
0 100
415.304697579945 50
0 50
415.304697579945 200
0 0
415.304697579945 50
0 50
415.304697579945 300
0 100
415.304697579945 50
0 50
369.994422711634 50
0 50
415.304697579945 500
0 100
415.304697579945 50
0 50
415.304697579945 200
0 0
415.304697579945 50
0 50
415.304697579945 300
0 100
415.304697579945 50
0 50
369.994422711634 50
0 50
415.304697579945 500
0 100
415.304697579945 50
0 50
415.304697579945 200
0 0
415.304697579945 50
0 50
415.304697579945 300
0 100
415.304697579945 50
0 50
369.994422711634 50
0 50
415.304697579945 500
0 100
415.304697579945 50
0 50
415.304697579945 200
0 0
415.304697579945 50
0 50
415.304697579945 300
0 100
415.304697579945 50
0 50
369.994422711634 50
0 50
415.304697579945 500
0 100
415.304697579945 50
0 50
415.304697579945 200
0 0
415.304697579945 50
0 50
415.304697579945 300
0 100
415.304697579945 50
0 50
369.994422711634 50
0 50
415.304697579945 500
0 100
415.304697579945 50
0 50
415.304697579945 200
0 0
415.304697579945 50
0 50
415.304697579945 300
0 100
415.304697579945 50
0 50
369.994422711634 50
0 50
415.304697579945 500
0 100
415.304697579945 50
0 50
415.304697579945 200
0 0
415.304697579945 50
0 50
415.304697579945 300
0 100
415.304697579945 50
0 50
369.994422711634 50
0 50
415.304697579945 500
0 100
415.304697579945 50
0 50
415.304697579945 200
0 0
415.304697579945 50
0 50
415.304697579945 300
0 300
415.304697579945 1600
0 0
311.126983722081 1200
0 0
329.62755691287 400
0 0
277.182630976872 1600
0 0
246.941650628062 800
0 0
233.081880759045 800
0 0
415.304697579945 1600
0 0
311.126983722081 1200
0 0
329.62755691287 400
0 0
277.182630976872 1600
0 0
246.941650628062 800
0 0
233.081880759045 800
0 0
415.304697579945 1600
0 0
311.126983722081 1200
0 0
329.62755691287 400
0 0
277.182630976872 1600
0 0
246.941650628062 800
0 0
233.081880759045 800
0 0
207.652348789973 6400
0 200
246.941650628062 200
0 200
246.941650628062 200
0 200
246.941650628062 200
0 200
246.941650628062 200
0 200
311.126983722081 200
0 200
311.126983722081 200
0 200
277.182630976872 200
0 200
277.182630976872 200
0 200
329.62755691287 200
0 200
329.62755691287 200
0 200
329.62755691287 200
0 200
329.62755691287 200
0 200
311.126983722081 200
0 200
311.126983722081 200
0 200
277.182630976872 200
0 200
277.182630976872 200
0 200
246.941650628062 200
0 200
246.941650628062 200
0 200
246.941650628062 200
0 200
246.941650628062 200
0 200
311.126983722081 200
0 200
311.126983722081 200
0 200
277.182630976872 200
0 200
277.182630976872 200
0 200
329.62755691287 200
0 200
329.62755691287 200
0 200
329.62755691287 200
0 200
329.62755691287 200
0 0
246.941650628062 500
0 100
246.941650628062 50
0 50
246.941650628062 200
0 0
277.182630976872 50
0 50
277.182630976872 300
0 300
415.304697579945 500
0 100
415.304697579945 50
0 50
415.304697579945 200
0 0
415.304697579945 50
0 50
415.304697579945 300
0 100
415.304697579945 50
0 50
369.994422711634 50
0 50
415.304697579945 500
0 100
415.304697579945 50
0 50
415.304697579945 200
0 0
415.304697579945 50
0 50
415.304697579945 300
0 100
415.304697579945 50
0 50
369.994422711634 50
0 50
369.994422711634 500
0 100
369.994422711634 50
0 50
369.994422711634 200
0 0
369.994422711634 50
0 50
369.994422711634 300
0 100
369.994422711634 50
0 50
369.994422711634 50
0 50
493.883301256124 500
0 100
493.883301256124 50
0 50
493.883301256124 200
0 0
311.126983722081 50
0 50
311.126983722081 300
0 100
311.126983722081 50
0 50
311.126983722081 50
0 50
415.304697579945 500
0 100
415.304697579945 50
0 50
415.304697579945 200
0 0
415.304697579945 50
0 50
415.304697579945 300
0 100
415.304697579945 50
0 50
369.994422711634 50
0 50
415.304697579945 500
0 100
415.304697579945 50
0 50
415.304697579945 200
0 0
415.304697579945 50
0 50
415.304697579945 300
0 100
415.304697579945 50
0 50
369.994422711634 50
0 50
369.994422711634 500
0 100
369.994422711634 50
0 50
369.994422711634 200
0 0
369.994422711634 50
0 50
369.994422711634 300
0 100
369.994422711634 50
0 50
369.994422711634 50
0 50
415.304697579945 500
0 100
415.304697579945 50
0 50
415.304697579945 200
0 0
415.304697579945 50
0 50
415.304697579945 300
0 300
622.253967444162 100
0 0
554.365261953744 100
0 0
622.253967444162 100
0 0
415.304697579945 100
0 0
622.253967444162 100
0 0
554.365261953744 100
0 0
622.253967444162 100
0 0
415.304697579945 100
0 0
622.253967444162 100
0 0
554.365261953744 100
0 0
622.253967444162 100
0 0
415.304697579945 100
0 0
622.253967444162 100
0 0
554.365261953744 100
0 0
622.253967444162 100
0 0
415.304697579945 100
0 0
659.25511382574 100
0 0
622.253967444162 100
0 0
659.25511382574 100
0 0
493.883301256124 100
0 0
659.25511382574 100
0 0
622.253967444162 100
0 0
659.25511382574 100
0 0
493.883301256124 100
0 0
659.25511382574 100
0 0
622.253967444162 100
0 0
659.25511382574 100
0 0
493.883301256124 100
0 0
659.25511382574 100
0 0
622.253967444162 100
0 0
659.25511382574 100
0 0
493.883301256124 100
0 0
622.253967444162 100
0 0
554.365261953744 100
0 0
622.253967444162 100
0 0
415.304697579945 100
0 0
622.253967444162 100
0 0
554.365261953744 100
0 0
622.253967444162 100
0 0
415.304697579945 100
0 0
622.253967444162 100
0 0
554.365261953744 100
0 0
622.253967444162 100
0 0
415.304697579945 100
0 0
622.253967444162 100
0 0
554.365261953744 100
0 0
622.253967444162 100
0 0
415.304697579945 100
0 0
659.25511382574 100
0 0
622.253967444162 100
0 0
659.25511382574 100
0 0
493.883301256124 100
0 0
659.25511382574 100
0 0
622.253967444162 100
0 0
659.25511382574 100
0 0
493.883301256124 100
0 0
659.25511382574 100
0 0
622.253967444162 100
0 0
659.25511382574 100
0 0
493.883301256124 100
0 0
659.25511382574 100
0 0
622.253967444162 100
0 0
659.25511382574 100
0 0
493.883301256124 100
0 0
622.253967444162 100
0 0
554.365261953744 100
0 0
622.253967444162 100
0 0
415.304697579945 100
0 0
622.253967444162 100
0 0
554.365261953744 100
0 0
622.253967444162 100
0 0
415.304697579945 100
0 0
622.253967444162 100
0 0
554.365261953744 100
0 0
622.253967444162 100
0 0
415.304697579945 100
0 0
622.253967444162 100
0 0
554.365261953744 100
0 0
622.253967444162 100
0 0
415.304697579945 100
0 0
659.25511382574 100
0 0
622.253967444162 100
0 0
659.25511382574 100
0 0
493.883301256124 100
0 0
659.25511382574 100
0 0
622.253967444162 100
0 0
659.25511382574 100
0 0
493.883301256124 100
0 0
659.25511382574 100
0 0
622.253967444162 100
0 0
659.25511382574 100
0 0
493.883301256124 100
0 0
659.25511382574 100
0 0
622.253967444162 100
0 0
659.25511382574 100
0 0
493.883301256124 100
0 0
622.253967444162 100
0 0
554.365261953744 100
0 0
622.253967444162 100
0 0
415.304697579945 100
0 0
622.253967444162 100
0 0
554.365261953744 100
0 0
622.253967444162 100
0 0
415.304697579945 100
0 0
622.253967444162 100
0 0
554.365261953744 100
0 0
622.253967444162 100
0 0
415.304697579945 100
0 0
622.253967444162 100
0 0
554.365261953744 100
0 0
622.253967444162 100
0 0
415.304697579945 100
0 0
659.25511382574 100
0 0
622.253967444162 100
0 0
659.25511382574 100
0 0
493.883301256124 100
0 0
659.25511382574 100
0 0
622.253967444162 100
0 0
659.25511382574 100
0 0
493.883301256124 100
0 0
659.25511382574 100
0 0
622.253967444162 100
0 0
659.25511382574 100
0 0
493.883301256124 100
0 0
659.25511382574 100
0 0
622.253967444162 100
0 0
659.25511382574 100
0 0
493.883301256124 100
0 0
415.304697579945 500
0 100
415.304697579945 50
0 50
415.304697579945 200
0 0
415.304697579945 50
0 50
415.304697579945 300
0 1900
369.994422711634 500
0 100
369.994422711634 50
0 50
369.994422711634 200
0 0
369.994422711634 50
0 50
369.994422711634 300
0 1900
415.304697579945 500
0 100
415.304697579945 50
0 50
415.304697579945 200
0 0
415.304697579945 50
0 50
415.304697579945 300
0 1900
415.304697579945 500
0 100
415.304697579945 50
0 50
415.304697579945 200
0 0
415.304697579945 50
0 50
415.304697579945 300
0 100
415.304697579945 50
0 50
369.994422711634 50
0 50
415.304697579945 500
0 100
415.304697579945 50
0 50
415.304697579945 200
0 0
415.304697579945 50
0 50
415.304697579945 300
0 300
415.304697579945 1600
0 0
311.126983722081 1200
0 0
329.62755691287 400
0 0
277.182630976872 1600
0 0
246.941650628062 800
0 0
233.081880759045 800
0 0
415.304697579945 1600
0 0
311.126983722081 1200
0 0
329.62755691287 400
0 0
277.182630976872 1600
0 0
246.941650628062 500
0 100
246.941650628062 50
0 50
246.941650628062 200
0 0
277.182630976872 50
0 50
277.182630976872 300
0 300
415.304697579945 500
0 100
415.304697579945 50
0 50
415.304697579945 200
0 0
415.304697579945 50
0 50
415.304697579945 300
0 100
415.304697579945 50
0 50
369.994422711634 50
0 50
415.304697579945 500
0 100
415.304697579945 50
0 50
415.304697579945 200
0 0
415.304697579945 50
0 50
415.304697579945 300
0 100
415.304697579945 50
0 50
369.994422711634 50
0 50
369.994422711634 500
0 100
369.994422711634 50
0 50
369.994422711634 200
0 0
369.994422711634 50
0 50
369.994422711634 300
0 100
369.994422711634 50
0 50
369.994422711634 50
0 50
493.883301256124 500
0 100
493.883301256124 50
0 50
493.883301256124 200
0 0
311.126983722081 50
0 50
311.126983722081 300
0 100
311.126983722081 50
0 50
311.126983722081 50
0 50
415.304697579945 500
0 100
415.304697579945 50
0 50
415.304697579945 200
0 0
415.304697579945 50
0 50
415.304697579945 300
0 100
415.304697579945 50
0 50
369.994422711634 50
0 50
415.304697579945 500
0 100
415.304697579945 50
0 50
415.304697579945 200
0 0
415.304697579945 50
0 50
415.304697579945 300
0 100
415.304697579945 50
0 50
369.994422711634 50
0 50
369.994422711634 500
0 100
369.994422711634 50
0 50
369.994422711634 200
0 0
369.994422711634 50
0 50
369.994422711634 300
0 100
369.994422711634 50
0 50
369.994422711634 50
0 50
415.304697579945 500
0 100
415.304697579945 50
0 50
415.304697579945 200
0 0
415.304697579945 50
0 50
415.304697579945 300
0 300
415.304697579945 500
0 100
415.304697579945 50
0 50
415.304697579945 200
0 0
415.304697579945 50
0 50
415.304697579945 300
0 100
415.304697579945 50
0 50
369.994422711634 50
0 50
415.304697579945 600
0 10600
622.253967444162 100
0 0
493.883301256124 100
0 0
415.304697579945 100
0 4500
207.652348789973 1600
0 200
329.62755691287 200
0 200
329.62755691287 200
0 200
329.62755691287 200
0 200
329.62755691287 200
0 200
311.126983722081 200
0 200
311.126983722081 200
0 200
277.182630976872 200
0 200
277.182630976872 200
0 200
329.62755691287 200
0 200
329.62755691287 200
0 200
329.62755691287 200
0 200
329.62755691287 200
0 0
311.126983722081 700
0 0
329.62755691287 100
0 0
311.126983722081 300
0 0
329.62755691287 100
0 0
311.126983722081 100
0 0
277.182630976872 100
0 0
246.941650628062 100
0 0
233.081880759045 100
0 200
329.62755691287 200
0 200
329.62755691287 200
0 200
329.62755691287 200
0 200
329.62755691287 200
0 200
311.126983722081 200
0 200
311.126983722081 200
0 200
277.182630976872 200
0 200
277.182630976872 200
0 200
329.62755691287 200
0 200
329.62755691287 200
0 200
329.62755691287 200
0 200
329.62755691287 200
0 0
311.126983722081 700
0 0
329.62755691287 100
0 0
311.126983722081 300
0 0
329.62755691287 100
0 0
311.126983722081 100
0 0
277.182630976872 100
0 0
246.941650628062 100
0 0
233.081880759045 100
0 0
415.304697579945 1600
0 0
311.126983722081 1200
0 0
329.62755691287 400
0 0
277.182630976872 1600
0 0
246.941650628062 1600
0 0
207.652348789973 1600
0 0
311.126983722081 1200
0 0
329.62755691287 400
0 0
277.182630976872 1600
0 0
246.941650628062 1600
0 0
207.652348789973 4800
0 0
207.652348789973 1600
0 200
329.62755691287 200
0 200
329.62755691287 200
0 200
329.62755691287 200
0 200
329.62755691287 200
0 200
311.126983722081 200
0 200
311.126983722081 200
0 200
277.182630976872 200
0 200
277.182630976872 200
0 200
329.62755691287 200
0 200
329.62755691287 200
0 200
329.62755691287 200
0 200
329.62755691287 200
0 0
311.126983722081 700
0 0
329.62755691287 100
0 0
311.126983722081 300
0 0
329.62755691287 100
0 0
311.126983722081 100
0 0
277.182630976872 100
0 0
246.941650628062 100
0 0
233.081880759045 100
0 200
329.62755691287 200
0 200
329.62755691287 200
0 200
329.62755691287 200
0 200
329.62755691287 200
0 200
311.126983722081 200
0 200
311.126983722081 200
0 200
277.182630976872 200
0 200
277.182630976872 200
0 200
329.62755691287 200
0 200
329.62755691287 200
0 200
329.62755691287 200
0 200
329.62755691287 200
0 0
311.126983722081 700
0 0
329.62755691287 100
0 0
311.126983722081 300
0 0
329.62755691287 100
0 0
311.126983722081 100
0 0
277.182630976872 100
0 0
246.941650628062 100
0 0
233.081880759045 100
0 200
246.941650628062 200
0 200
246.941650628062 200
0 200
246.941650628062 200
0 200
246.941650628062 200
0 200
311.126983722081 200
0 200
311.126983722081 200
0 200
277.182630976872 200
0 200
277.182630976872 200
0 200
329.62755691287 200
0 200
329.62755691287 200
0 200
329.62755691287 200
0 200
329.62755691287 200
0 200
311.126983722081 200
0 200
311.126983722081 200
0 200
277.182630976872 200
0 200
277.182630976872 200
0 200
246.941650628062 200
0 200
246.941650628062 200
0 200
246.941650628062 200
0 200
246.941650628062 200
0 200
311.126983722081 200
0 200
311.126983722081 200
0 200
277.182630976872 200
0 200
277.182630976872 200
0 200
329.62755691287 200
0 200
329.62755691287 200
0 200
329.62755691287 200
0 200
329.62755691287 200
0 200
311.126983722081 200
0 200
311.126983722081 200
0 200
277.182630976872 200
0 200
277.182630976872 200
0 200
329.62755691287 200
0 200
329.62755691287 200
0 200
329.62755691287 200
0 200
329.62755691287 200
0 200
311.126983722081 200
0 200
311.126983722081 200
0 200
277.182630976872 200
0 200
277.182630976872 200
0 200
329.62755691287 200
0 200
329.62755691287 200
0 200
329.62755691287 200
0 200
329.62755691287 200
0 0
311.126983722081 700
0 0
329.62755691287 100
0 0
311.126983722081 300
0 0
329.62755691287 100
0 0
311.126983722081 100
0 0
277.182630976872 100
0 0
246.941650628062 100
0 0
233.081880759045 100
0 200
329.62755691287 200
0 200
329.62755691287 200
0 200
329.62755691287 200
0 200
329.62755691287 200
0 0
622.253967444162 600
0 0
554.365261953744 400
0 0
311.126983722081 100
0 0
329.62755691287 100
0 0
311.126983722081 100
0 0
277.182630976872 100
0 0
246.941650628062 100
0 0
233.081880759045 100
0 0
493.883301256124 200
0 0
415.304697579945 366.666666666667
0 0
466.16376151809 433.333333333333
0 0
369.994422711634 200
0 0
329.62755691287 200
0 0
311.126983722081 200
0 0
622.253967444162 600
0 0
554.365261953744 400
0 0
311.126983722081 100
0 0
329.62755691287 100
0 0
311.126983722081 100
0 0
277.182630976872 100
0 0
246.941650628062 100
0 0
233.081880759045 100
0 0
415.304697579945 500
0 100
415.304697579945 50
0 50
415.304697579945 200
0 0
415.304697579945 50
0 50
415.304697579945 300
0 100
415.304697579945 50
0 50
369.994422711634 50
0 50
415.304697579945 500
0 100
415.304697579945 50
0 50
415.304697579945 200
0 0
415.304697579945 50
0 50
415.304697579945 300
0 100
415.304697579945 50
0 50
369.994422711634 50
0 50
415.304697579945 500
0 100
415.304697579945 50
0 50
415.304697579945 200
0 0
415.304697579945 50
0 50
415.304697579945 300
0 100
415.304697579945 50
0 50
369.994422711634 50
0 50
415.304697579945 500
0 100
415.304697579945 50
0 50
415.304697579945 200
0 0
415.304697579945 50
0 50
415.304697579945 300
0 100
415.304697579945 50
0 50
369.994422711634 50
0 50
415.304697579945 500
0 100
415.304697579945 50
0 50
415.304697579945 200
0 0
415.304697579945 50
0 50
415.304697579945 300
0 100
415.304697579945 50
0 50
369.994422711634 50
0 50
415.304697579945 500
0 100
415.304697579945 50
0 50
415.304697579945 200
0 0
415.304697579945 50
0 50
415.304697579945 300
0 100
415.304697579945 50
0 50
369.994422711634 50
0 50
415.304697579945 500
0 100
415.304697579945 50
0 50
415.304697579945 200
0 0
415.304697579945 50
0 50
415.304697579945 300
0 100
415.304697579945 50
0 50
369.994422711634 50
0 50
415.304697579945 500
0 100
415.304697579945 50
0 50
415.304697579945 200
0 0
415.304697579945 50
0 50
415.304697579945 300
0 300
415.304697579945 1600
0 0
311.126983722081 1200
0 0
329.62755691287 400
0 0
277.182630976872 1600
0 0
246.941650628062 800
0 0
233.081880759045 800
0 0
415.304697579945 1600
0 0
311.126983722081 1200
0 0
329.62755691287 400
0 0
277.182630976872 1600
0 0
246.941650628062 800
0 0
233.081880759045 800
0 0
415.304697579945 1600
0 0
311.126983722081 1200
0 0
329.62755691287 400
0 0
277.182630976872 1600
0 0
246.941650628062 800
0 0
233.081880759045 800
0 0
207.652348789973 6400
0 200
246.941650628062 200
0 200
246.941650628062 200
0 200
246.941650628062 200
0 200
246.941650628062 200
0 200
311.126983722081 200
0 200
311.126983722081 200
0 200
277.182630976872 200
0 200
277.182630976872 200
0 200
329.62755691287 200
0 200
329.62755691287 200
0 200
329.62755691287 200
0 200
329.62755691287 200
0 200
311.126983722081 200
0 200
311.126983722081 200
0 200
277.182630976872 200
0 200
277.182630976872 200
0 200
246.941650628062 200
0 200
246.941650628062 200
0 200
246.941650628062 200
0 200
246.941650628062 200
0 200
311.126983722081 200
0 200
311.126983722081 200
0 200
277.182630976872 200
0 200
277.182630976872 200
0 200
329.62755691287 200
0 200
329.62755691287 200
0 200
329.62755691287 200
0 200
329.62755691287 200
0 0
246.941650628062 500
0 100
246.941650628062 50
0 50
246.941650628062 200
0 0
277.182630976872 50
0 50
277.182630976872 300
0 300
415.304697579945 500
0 100
415.304697579945 50
0 50
415.304697579945 200
0 0
415.304697579945 50
0 50
415.304697579945 300
0 100
415.304697579945 50
0 50
369.994422711634 50
0 50
415.304697579945 500
0 100
415.304697579945 50
0 50
415.304697579945 200
0 0
415.304697579945 50
0 50
415.304697579945 300
0 100
415.304697579945 50
0 50
369.994422711634 50
0 50
369.994422711634 500
0 100
369.994422711634 50
0 50
369.994422711634 200
0 0
369.994422711634 50
0 50
369.994422711634 300
0 100
369.994422711634 50
0 50
369.994422711634 50
0 50
493.883301256124 500
0 100
493.883301256124 50
0 50
493.883301256124 200
0 0
311.126983722081 50
0 50
311.126983722081 300
0 100
311.126983722081 50
0 50
311.126983722081 50
0 50
415.304697579945 500
0 100
415.304697579945 50
0 50
415.304697579945 200
0 0
415.304697579945 50
0 50
415.304697579945 300
0 100
415.304697579945 50
0 50
369.994422711634 50
0 50
415.304697579945 500
0 100
415.304697579945 50
0 50
415.304697579945 200
0 0
415.304697579945 50
0 50
415.304697579945 300
0 100
415.304697579945 50
0 50
369.994422711634 50
0 50
369.994422711634 500
0 100
369.994422711634 50
0 50
369.994422711634 200
0 0
369.994422711634 50
0 50
369.994422711634 300
0 100
369.994422711634 50
0 50
369.994422711634 50
0 50
415.304697579945 500
0 100
415.304697579945 50
0 50
415.304697579945 200
0 0
415.304697579945 50
0 50
415.304697579945 300
0 300
622.253967444162 100
0 0
554.365261953744 100
0 0
622.253967444162 100
0 0
415.304697579945 100
0 0
622.253967444162 100
0 0
554.365261953744 100
0 0
622.253967444162 100
0 0
415.304697579945 100
0 0
622.253967444162 100
0 0
554.365261953744 100
0 0
622.253967444162 100
0 0
415.304697579945 100
0 0
622.253967444162 100
0 0
554.365261953744 100
0 0
622.253967444162 100
0 0
415.304697579945 100
0 0
659.25511382574 100
0 0
622.253967444162 100
0 0
659.25511382574 100
0 0
493.883301256124 100
0 0
659.25511382574 100
0 0
622.253967444162 100
0 0
659.25511382574 100
0 0
493.883301256124 100
0 0
659.25511382574 100
0 0
622.253967444162 100
0 0
659.25511382574 100
0 0
493.883301256124 100
0 0
659.25511382574 100
0 0
622.253967444162 100
0 0
659.25511382574 100
0 0
493.883301256124 100
0 0
622.253967444162 100
0 0
554.365261953744 100
0 0
622.253967444162 100
0 0
415.304697579945 100
0 0
622.253967444162 100
0 0
554.365261953744 100
0 0
622.253967444162 100
0 0
415.304697579945 100
0 0
622.253967444162 100
0 0
554.365261953744 100
0 0
622.253967444162 100
0 0
415.304697579945 100
0 0
622.253967444162 100
0 0
554.365261953744 100
0 0
622.253967444162 100
0 0
415.304697579945 100
0 0
659.25511382574 100
0 0
622.253967444162 100
0 0
659.25511382574 100
0 0
493.883301256124 100
0 0
659.25511382574 100
0 0
622.253967444162 100
0 0
659.25511382574 100
0 0
493.883301256124 100
0 0
659.25511382574 100
0 0
622.253967444162 100
0 0
659.25511382574 100
0 0
493.883301256124 100
0 0
659.25511382574 100
0 0
622.253967444162 100
0 0
659.25511382574 100
0 0
493.883301256124 100
0 0
622.253967444162 100
0 0
554.365261953744 100
0 0
622.253967444162 100
0 0
415.304697579945 100
0 0
622.253967444162 100
0 0
554.365261953744 100
0 0
622.253967444162 100
0 0
415.304697579945 100
0 0
622.253967444162 100
0 0
554.365261953744 100
0 0
622.253967444162 100
0 0
415.304697579945 100
0 0
622.253967444162 100
0 0
554.365261953744 100
0 0
622.253967444162 100
0 0
415.304697579945 100
0 0
659.25511382574 100
0 0
622.253967444162 100
0 0
659.25511382574 100
0 0
493.883301256124 100
0 0
659.25511382574 100
0 0
622.253967444162 100
0 0
659.25511382574 100
0 0
493.883301256124 100
0 0
659.25511382574 100
0 0
622.253967444162 100
0 0
659.25511382574 100
0 0
493.883301256124 100
0 0
659.25511382574 100
0 0
622.253967444162 100
0 0
659.25511382574 100
0 0
493.883301256124 100
0 0
622.253967444162 100
0 0
554.365261953744 100
0 0
622.253967444162 100
0 0
415.304697579945 100
0 0
622.253967444162 100
0 0
554.365261953744 100
0 0
622.253967444162 100
0 0
415.304697579945 100
0 0
622.253967444162 100
0 0
554.365261953744 100
0 0
622.253967444162 100
0 0
415.304697579945 100
0 0
622.253967444162 100
0 0
554.365261953744 100
0 0
622.253967444162 100
0 0
415.304697579945 100
0 0
659.25511382574 100
0 0
622.253967444162 100
0 0
659.25511382574 100
0 0
493.883301256124 100
0 0
659.25511382574 100
0 0
622.253967444162 100
0 0
659.25511382574 100
0 0
493.883301256124 100
0 0
659.25511382574 100
0 0
622.253967444162 100
0 0
659.25511382574 100
0 0
493.883301256124 100
0 0
659.25511382574 100
0 0
622.253967444162 100
0 0
659.25511382574 100
0 0
493.883301256124 100
0 0
415.304697579945 500
0 100
415.304697579945 50
0 50
415.304697579945 200
0 0
415.304697579945 50
0 50
415.304697579945 300
0 1900
369.994422711634 500
0 100
369.994422711634 50
0 50
369.994422711634 200
0 0
369.994422711634 50
0 50
369.994422711634 300
0 1900
415.304697579945 500
0 100
415.304697579945 50
0 50
415.304697579945 200
0 0
415.304697579945 50
0 50
415.304697579945 300
0 1900
415.304697579945 500
0 100
415.304697579945 50
0 50
415.304697579945 200
0 0
415.304697579945 50
0 50
415.304697579945 300
0 100
415.304697579945 50
0 50
369.994422711634 50
0 50
415.304697579945 500
0 100
415.304697579945 50
0 50
415.304697579945 200
0 0
415.304697579945 50
0 50
415.304697579945 300
0 300
415.304697579945 1600
0 0
311.126983722081 1200
0 0
329.62755691287 400
0 0
277.182630976872 1600
0 0
246.941650628062 800
0 0
233.081880759045 800
0 0
415.304697579945 1600
0 0
311.126983722081 1200
0 0
329.62755691287 400
0 0
277.182630976872 1600
0 0
246.941650628062 500
0 100
246.941650628062 50
0 50
246.941650628062 200
0 0
277.182630976872 50
0 50
277.182630976872 300
0 300
415.304697579945 500
0 100
415.304697579945 50
0 50
415.304697579945 200
0 0
415.304697579945 50
0 50
415.304697579945 300
0 100
415.304697579945 50
0 50
369.994422711634 50
0 50
415.304697579945 500
0 100
415.304697579945 50
0 50
415.304697579945 200
0 0
415.304697579945 50
0 50
415.304697579945 300
0 100
415.304697579945 50
0 50
369.994422711634 50
0 50
369.994422711634 500
0 100
369.994422711634 50
0 50
369.994422711634 200
0 0
369.994422711634 50
0 50
369.994422711634 300
0 100
369.994422711634 50
0 50
369.994422711634 50
0 50
493.883301256124 500
0 100
493.883301256124 50
0 50
493.883301256124 200
0 0
311.126983722081 50
0 50
311.126983722081 300
0 100
311.126983722081 50
0 50
311.126983722081 50
0 50
415.304697579945 500
0 100
415.304697579945 50
0 50
415.304697579945 200
0 0
415.304697579945 50
0 50
415.304697579945 300
0 100
415.304697579945 50
0 50
369.994422711634 50
0 50
415.304697579945 500
0 100
415.304697579945 50
0 50
415.304697579945 200
0 0
415.304697579945 50
0 50
415.304697579945 300
0 100
415.304697579945 50
0 50
369.994422711634 50
0 50
369.994422711634 500
0 100
369.994422711634 50
0 50
369.994422711634 200
0 0
369.994422711634 50
0 50
369.994422711634 300
0 100
369.994422711634 50
0 50
369.994422711634 50
0 50
415.304697579945 500
0 100
415.304697579945 50
0 50
415.304697579945 200
0 0
415.304697579945 50
0 50
415.304697579945 300
0 300
415.304697579945 500
0 100
415.304697579945 50
0 50
415.304697579945 200
0 0
415.304697579945 50
0 50
415.304697579945 300
0 100
415.304697579945 50
0 50
369.994422711634 50
0 50
415.304697579945 600
