0 99500
311.126983722081 200
0 100
311.126983722081 50
0 50
311.126983722081 200
0 0
311.126983722081 50
0 50
311.126983722081 900
0 0
246.941650628062 200
0 100
246.941650628062 50
0 50
246.941650628062 200
0 0
246.941650628062 50
0 50
246.941650628062 900
0 0
277.182630976872 200
0 100
277.182630976872 50
0 50
277.182630976872 200
0 0
277.182630976872 50
0 50
277.182630976872 900
0 0
246.941650628062 200
0 100
246.941650628062 50
0 50
246.941650628062 200
0 0
246.941650628062 50
0 50
233.081880759045 900
0 0
311.126983722081 200
0 100
311.126983722081 50
0 50
311.126983722081 200
0 0
311.126983722081 50
0 50
311.126983722081 900
0 0
246.941650628062 200
0 100
246.941650628062 50
0 50
246.941650628062 200
0 0
246.941650628062 50
0 50
246.941650628062 900
0 0
277.182630976872 200
0 100
277.182630976872 50
0 50
277.182630976872 200
0 0
277.182630976872 50
0 50
277.182630976872 900
0 0
246.941650628062 200
0 100
246.941650628062 50
0 50
246.941650628062 200
0 0
246.941650628062 50
0 50
233.081880759045 13400
0 0
207.652348789973 51500
0 0
311.126983722081 200
0 100
311.126983722081 50
0 50
311.126983722081 200
0 0
311.126983722081 50
0 50
311.126983722081 900
0 0
246.941650628062 200
0 100
246.941650628062 50
0 50
246.941650628062 200
0 0
246.941650628062 50
0 50
246.941650628062 900
0 0
277.182630976872 200
0 100
277.182630976872 50
0 50
277.182630976872 200
0 0
277.182630976872 50
0 50
277.182630976872 900
0 0
246.941650628062 200
0 100
246.941650628062 50
0 50
246.941650628062 200
0 0
246.941650628062 50
0 50
233.081880759045 900
0 0
311.126983722081 200
0 100
311.126983722081 50
0 50
311.126983722081 200
0 0
311.126983722081 50
0 50
311.126983722081 900
0 0
246.941650628062 200
0 100
246.941650628062 50
0 50
246.941650628062 200
0 0
246.941650628062 50
0 50
246.941650628062 119300
0 0
311.126983722081 200
0 100
311.126983722081 50
0 50
311.126983722081 200
0 0
311.126983722081 50
0 50
311.126983722081 900
0 0
246.941650628062 200
0 100
246.941650628062 50
0 50
246.941650628062 200
0 0
246.941650628062 50
0 50
246.941650628062 900
0 0
277.182630976872 200
0 100
277.182630976872 50
0 50
277.182630976872 200
0 0
277.182630976872 50
0 50
277.182630976872 900
0 0
246.941650628062 200
0 100
246.941650628062 50
0 50
246.941650628062 200
0 0
246.941650628062 50
0 50
233.081880759045 900
0 0
311.126983722081 200
0 100
311.126983722081 50
0 50
311.126983722081 200
0 0
311.126983722081 50
0 50
311.126983722081 900
0 0
246.941650628062 200
0 100
246.941650628062 50
0 50
246.941650628062 200
0 0
246.941650628062 50
0 50
246.941650628062 900
0 0
277.182630976872 200
0 100
277.182630976872 50
0 50
277.182630976872 200
0 0
277.182630976872 50
0 50
277.182630976872 900
0 0
246.941650628062 200
0 100
246.941650628062 50
0 50
246.941650628062 200
0 0
246.941650628062 50
0 50
233.081880759045 13400
0 0
207.652348789973 51500
0 0
311.126983722081 200
0 100
311.126983722081 50
0 50
311.126983722081 200
0 0
311.126983722081 50
0 50
311.126983722081 900
0 0
246.941650628062 200
0 100
246.941650628062 50
0 50
246.941650628062 200
0 0
246.941650628062 50
0 50
246.941650628062 900
0 0
277.182630976872 200
0 100
277.182630976872 50
0 50
277.182630976872 200
0 0
277.182630976872 50
0 50
277.182630976872 900
0 0
246.941650628062 200
0 100
246.941650628062 50
0 50
246.941650628062 200
0 0
246.941650628062 50
0 50
233.081880759045 900
0 0
311.126983722081 200
0 100
311.126983722081 50
0 50
311.126983722081 200
0 0
311.126983722081 50
0 50
311.126983722081 900
0 0
246.941650628062 200
0 100
246.941650628062 50
0 50
246.941650628062 200
0 0
246.941650628062 50
0 50
246.941650628062 19800
