0 0
146.832383958704 95.238
0 142857
146.832383958704 95.238
0 428571
146.832383958704 95.238
0 714285
146.832383958704 95.238
0 857142
146.832383958704 95.238
0 1142856
391.995435981749 95.238
0 1714284
195.997717990875 95.238
0 2285712
195.997717990875 95.238
0 2714283
164.813778456435 95.238
0 3142854
130.812782650299 95.238
0 3571425
174.614115716502 95.238
0 3857139
195.997717990875 95.238
0 4142853
184.997211355817 95.238
0 4285710
174.614115716502 95.238
0 4571424
164.813778456435 95.238
0 4761900
261.625565300599 95.238
0 4952376
329.62755691287 95.238
0 5142852
349.228231433004 95.238
0 5428566
293.664767917408 95.238
0 5571423
329.62755691287 95.238
0 5857137
261.625565300599 95.238
0 6142851
220 95.238
0 6285708
246.941650628062 95.238
0 6428565
195.997717990875 95.238
0 6857136
195.997717990875 95.238
0 7285707
164.813778456435 95.238
0 7714278
130.812782650299 95.238
0 8142849
174.614115716502 95.238
0 8428563
195.997717990875 95.238
0 8714277
184.997211355817 95.238
0 8857134
174.614115716502 95.238
0 9142848
164.813778456435 95.238
0 9333324
261.625565300599 95.238
0 9523800
329.62755691287 95.238
0 9714276
349.228231433004 95.238
0 9999990
293.664767917408 95.238
0 10142847
329.62755691287 95.238
0 10428561
261.625565300599 95.238
0 10714275
220 95.238
0 10857132
246.941650628062 95.238
0 10999989
195.997717990875 95.238
0 11428560
130.812782650299 95.238
0 11857131
195.997717990875 95.238
0 12285702
261.625565300599 95.238
0 12571416
174.614115716502 95.238
0 12999987
261.625565300599 95.238
0 13142844
261.625565300599 95.238
0 13428558
174.614115716502 95.238
0 13714272
130.812782650299 95.238
0 14142843
164.813778456435 95.238
0 14571414
195.997717990875 95.238
0 14714271
261.625565300599 95.238
0 14999985
783.990871963498 95.238
0 15285699
783.990871963498 95.238
0 15428556
783.990871963498 95.238
0 15714270
195.997717990875 95.238
0 15999984
130.812782650299 95.238
0 16428555
195.997717990875 95.238
0 16857126
261.625565300599 95.238
0 17142840
174.614115716502 95.238
0 17571411
261.625565300599 95.238
0 17714268
261.625565300599 95.238
0 17999982
174.614115716502 95.238
0 18285696
130.812782650299 95.238
0 18571410
207.652348789973 95.238
0 18999981
233.081880759045 95.238
0 19428552
261.625565300599 95.238
0 19857123
195.997717990875 95.238
0 19999980
195.997717990875 95.238
0 20285694
130.812782650299 95.238
0 20571408
130.812782650299 95.238
0 20999979
195.997717990875 95.238
0 21428550
261.625565300599 95.238
0 21714264
174.614115716502 95.238
0 22142835
261.625565300599 95.238
0 22285692
261.625565300599 95.238
0 22571406
174.614115716502 95.238
0 22857120
130.812782650299 95.238
0 23285691
164.813778456435 95.238
0 23714262
195.997717990875 95.238
0 23857119
261.625565300599 95.238
0 24142833
783.990871963498 95.238
0 24428547
783.990871963498 95.238
0 24571404
783.990871963498 95.238
0 24857118
195.997717990875 95.238
0 25142832
130.812782650299 95.238
0 25571403
195.997717990875 95.238
0 25999974
261.625565300599 95.238
0 26285688
174.614115716502 95.238
0 26714259
261.625565300599 95.238
0 26857116
261.625565300599 95.238
0 27142830
174.614115716502 95.238
0 27428544
130.812782650299 95.238
0 27714258
207.652348789973 95.238
0 28142829
233.081880759045 95.238
0 28571400
261.625565300599 95.238
0 28999971
195.997717990875 95.238
0 29142828
195.997717990875 95.238
0 29428542
130.812782650299 95.238
0 29714256
103.826174394986 95.238
0 30142827
155.56349186104 95.238
0 30571398
207.652348789973 95.238
0 30857112
195.997717990875 95.238
0 31285683
130.812782650299 95.238
0 31714254
97.9988589954373 95.238
0 31999968
103.826174394986 95.238
0 32428539
155.56349186104 95.238
0 32857110
207.652348789973 95.238
0 33142824
195.997717990875 95.238
0 33571395
130.812782650299 95.238
0 33999966
97.9988589954373 95.238
0 34285680
103.826174394986 95.238
0 34714251
155.56349186104 95.238
0 35142822
207.652348789973 95.238
0 35428536
195.997717990875 95.238
0 35857107
130.812782650299 95.238
0 36285678
97.9988589954373 95.238
0 36571392
146.832383958704 95.238
0 36714249
146.832383958704 95.238
0 36999963
146.832383958704 95.238
0 37285677
146.832383958704 95.238
0 37428534
146.832383958704 95.238
0 37714248
391.995435981749 95.238
0 38285676
195.997717990875 95.238
0 38857104
195.997717990875 95.238
0 39285675
164.813778456435 95.238
0 39714246
130.812782650299 95.238
0 40142817
174.614115716502 95.238
0 40428531
195.997717990875 95.238
0 40714245
184.997211355817 95.238
0 40857102
174.614115716502 95.238
0 41142816
164.813778456435 95.238
0 41333292
261.625565300599 95.238
0 41523768
329.62755691287 95.238
0 41714244
349.228231433004 95.238
0 41999958
293.664767917408 95.238
0 42142815
329.62755691287 95.238
0 42428529
261.625565300599 95.238
0 42714243
220 95.238
0 42857100
246.941650628062 95.238
0 42999957
195.997717990875 95.238
0 43428528
195.997717990875 95.238
0 43857099
164.813778456435 95.238
0 44285670
130.812782650299 95.238
0 44714241
174.614115716502 95.238
0 44999955
195.997717990875 95.238
0 45285669
184.997211355817 95.238
0 45428526
174.614115716502 95.238
0 45714240
164.813778456435 95.238
0 45904716
261.625565300599 95.238
0 46095192
329.62755691287 95.238
0 46285668
349.228231433004 95.238
0 46571382
293.664767917408 95.238
0 46714239
329.62755691287 95.238
0 46999953
261.625565300599 95.238
0 47285667
220 95.238
0 47428524
246.941650628062 95.238
0 47571381
195.997717990875 95.238
0 47999952
130.812782650299 95.238
0 48428523
184.997211355817 95.238
0 48571380
195.997717990875 95.238
0 48857094
261.625565300599 95.238
0 49142808
174.614115716502 95.238
0 49428522
174.614115716502 95.238
0 49714236
261.625565300599 95.238
0 49857093
261.625565300599 95.238
0 49999950
174.614115716502 95.238
0 50285664
146.832383958704 95.238
0 50714235
174.614115716502 95.238
0 50857092
195.997717990875 95.238
0 51142806
246.941650628062 95.238
0 51428520
195.997717990875 95.238
0 51714234
195.997717990875 95.238
0 51999948
261.625565300599 95.238
0 52142805
261.625565300599 95.238
0 52285662
195.997717990875 95.238
0 52571376
130.812782650299 95.238
0 52999947
184.997211355817 95.238
0 53142804
195.997717990875 95.238
0 53428518
261.625565300599 95.238
0 53714232
174.614115716502 95.238
0 53999946
174.614115716502 95.238
0 54285660
261.625565300599 95.238
0 54428517
261.625565300599 95.238
0 54571374
174.614115716502 95.238
0 54857088
195.997717990875 95.238
0 54999945
195.997717990875 95.238
0 55285659
195.997717990875 95.238
0 55428516
195.997717990875 95.238
0 55618992
220 95.238
0 55809468
246.941650628062 95.238
0 55999944
261.625565300599 95.238
0 56285658
195.997717990875 95.238
0 56571372
130.812782650299 95.238
0 57142800
130.812782650299 95.238
0 57571371
184.997211355817 95.238
0 57714228
195.997717990875 95.238
0 57999942
261.625565300599 95.238
0 58285656
174.614115716502 95.238
0 58571370
174.614115716502 95.238
0 58857084
261.625565300599 95.238
0 58999941
261.625565300599 95.238
0 59142798
174.614115716502 95.238
0 59428512
146.832383958704 95.238
0 59857083
174.614115716502 95.238
0 59999940
195.997717990875 95.238
0 60285654
246.941650628062 95.238
0 60571368
195.997717990875 95.238
0 60857082
195.997717990875 95.238
0 61142796
261.625565300599 95.238
0 61285653
261.625565300599 95.238
0 61428510
195.997717990875 95.238
0 61714224
130.812782650299 95.238
0 62142795
184.997211355817 95.238
0 62285652
195.997717990875 95.238
0 62571366
261.625565300599 95.238
0 62857080
174.614115716502 95.238
0 63142794
174.614115716502 95.238
0 63428508
261.625565300599 95.238
0 63571365
261.625565300599 95.238
0 63714222
174.614115716502 95.238
0 63999936
195.997717990875 95.238
0 64142793
195.997717990875 95.238
0 64428507
195.997717990875 95.238
0 64571364
195.997717990875 95.238
0 64761840
220 95.238
0 64952316
246.941650628062 95.238
0 65142792
261.625565300599 95.238
0 65428506
195.997717990875 95.238
0 65714220
130.812782650299 95.238
0 66285648
103.826174394986 95.238
0 66714219
155.56349186104 95.238
0 67142790
207.652348789973 95.238
0 67428504
195.997717990875 95.238
0 67857075
130.812782650299 95.238
0 68285646
97.9988589954373 95.238
0 68571360
103.826174394986 95.238
0 68999931
155.56349186104 95.238
0 69428502
207.652348789973 95.238
0 69714216
195.997717990875 95.238
0 70142787
130.812782650299 95.238
0 70571358
97.9988589954373 95.238
0 70857072
103.826174394986 95.238
0 71285643
155.56349186104 95.238
0 71714214
207.652348789973 95.238
0 71999928
195.997717990875 95.238
0 72428499
130.812782650299 95.238
0 72857070
97.9988589954373 95.238
0 73142784
146.832383958704 95.238
0 73285641
146.832383958704 95.238
0 73571355
146.832383958704 95.238
0 73857069
146.832383958704 95.238
0 73999926
146.832383958704 95.238
0 74285640
391.995435981749 95.238
0 74857068
195.997717990875 95.238
0 75428496
130.812782650299 95.238
0 75857067
184.997211355817 95.238
0 75999924
195.997717990875 95.238
0 76285638
261.625565300599 95.238
0 76571352
174.614115716502 95.238
0 76857066
174.614115716502 95.238
0 77142780
261.625565300599 95.238
0 77285637
261.625565300599 95.238
0 77428494
174.614115716502 95.238
0 77714208
146.832383958704 95.238
0 78142779
174.614115716502 95.238
0 78285636
195.997717990875 95.238
0 78571350
246.941650628062 95.238
0 78857064
195.997717990875 95.238
0 79142778
195.997717990875 95.238
0 79428492
261.625565300599 95.238
0 79571349
261.625565300599 95.238
0 79714206
195.997717990875 95.238
0 79999920
130.812782650299 95.238
0 80428491
184.997211355817 95.238
0 80571348
195.997717990875 95.238
0 80857062
261.625565300599 95.238
0 81142776
174.614115716502 95.238
0 81428490
174.614115716502 95.238
0 81714204
261.625565300599 95.238
0 81857061
261.625565300599 95.238
0 81999918
174.614115716502 95.238
0 82285632
195.997717990875 95.238
0 82428489
195.997717990875 95.238
0 82714203
195.997717990875 95.238
0 82857060
195.997717990875 95.238
0 83047536
220 95.238
0 83238012
246.941650628062 95.238
0 83428488
261.625565300599 95.238
0 83714202
195.997717990875 95.238
0 83999916
130.812782650299 95.238
