0 0
92.4986056779086 190.476
0 285714
92.4986056779086 95.238
0 428571
92.4986056779086 190.476
0 714285
92.4986056779086 95.238
0 857142
92.4986056779086 190.476
0 1142856
92.4986056779086 190.476
0 1571427
92.4986056779086 190.476
0 1857141
92.4986056779086 95.238
0 1999998
92.4986056779086 95.238
0 2142855
92.4986056779086 95.238
0 2285712
92.4986056779086 95.238
0 2571426
92.4986056779086 95.238
0 2761902
92.4986056779086 95.238
0 2857140
92.4986056779086 190.476
0 3142854
92.4986056779086 95.238
0 3333330
92.4986056779086 95.238
0 3428568
92.4986056779086 95.238
0 3714282
92.4986056779086 95.238
0 3904758
92.4986056779086 95.238
0 3999996
92.4986056779086 190.476
0 4285710
92.4986056779086 95.238
0 4476186
92.4986056779086 95.238
0 4571424
92.4986056779086 95.238
0 4857138
92.4986056779086 95.238
0 5047614
92.4986056779086 95.238
0 5142852
92.4986056779086 190.476
0 5428566
92.4986056779086 95.238
0 5619042
92.4986056779086 95.238
0 5714280
92.4986056779086 95.238
0 5999994
92.4986056779086 95.238
0 6190470
92.4986056779086 95.238
0 6285708
92.4986056779086 190.476
0 6571422
92.4986056779086 95.238
0 6761898
92.4986056779086 95.238
0 6857136
92.4986056779086 95.238
0 7142850
92.4986056779086 95.238
0 7333326
92.4986056779086 95.238
0 7428564
92.4986056779086 190.476
0 7714278
92.4986056779086 95.238
0 7904754
92.4986056779086 95.238
0 7999992
92.4986056779086 95.238
0 8285706
92.4986056779086 95.238
0 8476182
92.4986056779086 95.238
0 8571420
92.4986056779086 190.476
0 8857134
92.4986056779086 95.238
0 9047610
92.4986056779086 95.238
0 9142848
92.4986056779086 95.238
0 9428562
92.4986056779086 95.238
0 9619038
92.4986056779086 95.238
0 9714276
92.4986056779086 190.476
0 9999990
92.4986056779086 95.238
0 10190466
92.4986056779086 95.238
0 10285704
92.4986056779086 95.238
0 10571418
92.4986056779086 95.238
0 10761894
92.4986056779086 95.238
0 10857132
92.4986056779086 190.476
0 11142846
92.4986056779086 95.238
0 11333322
92.4986056779086 95.238
0 11428560
92.4986056779086 95.238
0 11714274
92.4986056779086 95.238
0 11904750
92.4986056779086 95.238
0 11999988
92.4986056779086 190.476
0 12285702
92.4986056779086 95.238
0 12476178
92.4986056779086 95.238
0 12571416
92.4986056779086 95.238
0 12857130
92.4986056779086 95.238
0 13047606
92.4986056779086 95.238
0 13142844
92.4986056779086 190.476
0 13428558
92.4986056779086 95.238
0 13619034
92.4986056779086 95.238
0 13714272
92.4986056779086 95.238
0 13999986
92.4986056779086 95.238
0 14190462
92.4986056779086 95.238
0 14285700
92.4986056779086 190.476
0 14571414
92.4986056779086 95.238
0 14761890
92.4986056779086 95.238
0 14857128
92.4986056779086 95.238
0 15142842
92.4986056779086 95.238
0 15333318
92.4986056779086 95.238
0 15428556
92.4986056779086 190.476
0 15714270
92.4986056779086 95.238
0 15904746
92.4986056779086 95.238
0 15999984
92.4986056779086 95.238
0 16285698
92.4986056779086 95.238
0 16476174
92.4986056779086 95.238
0 16571412
92.4986056779086 190.476
0 16857126
92.4986056779086 95.238
0 17047602
92.4986056779086 95.238
0 17142840
92.4986056779086 95.238
0 17428554
92.4986056779086 95.238
0 17619030
92.4986056779086 95.238
0 17714268
92.4986056779086 190.476
0 17999982
92.4986056779086 95.238
0 18190458
92.4986056779086 95.238
0 18285696
92.4986056779086 95.238
0 18571410
92.4986056779086 95.238
0 18761886
92.4986056779086 95.238
0 18857124
92.4986056779086 190.476
0 19142838
92.4986056779086 95.238
0 19333314
92.4986056779086 95.238
0 19428552
92.4986056779086 95.238
0 19714266
92.4986056779086 95.238
0 19904742
92.4986056779086 95.238
0 19999980
92.4986056779086 190.476
0 20285694
92.4986056779086 95.238
0 20476170
92.4986056779086 95.238
0 20571408
92.4986056779086 95.238
0 20857122
92.4986056779086 95.238
0 21047598
92.4986056779086 95.238
0 21142836
92.4986056779086 190.476
0 21428550
92.4986056779086 95.238
0 21619026
92.4986056779086 95.238
0 21714264
92.4986056779086 95.238
0 21999978
92.4986056779086 95.238
0 22190454
92.4986056779086 95.238
0 22285692
92.4986056779086 190.476
0 22571406
92.4986056779086 95.238
0 22761882
92.4986056779086 95.238
0 22857120
92.4986056779086 95.238
0 23142834
92.4986056779086 95.238
0 23333310
92.4986056779086 95.238
0 23428548
92.4986056779086 190.476
0 23714262
92.4986056779086 95.238
0 23904738
92.4986056779086 95.238
0 23999976
92.4986056779086 95.238
0 24285690
92.4986056779086 95.238
0 24476166
92.4986056779086 95.238
0 24571404
92.4986056779086 190.476
0 24857118
92.4986056779086 95.238
0 25047594
92.4986056779086 95.238
0 25142832
92.4986056779086 95.238
0 25428546
92.4986056779086 95.238
0 25619022
92.4986056779086 95.238
0 25714260
92.4986056779086 190.476
0 25999974
92.4986056779086 95.238
0 26190450
92.4986056779086 95.238
0 26285688
92.4986056779086 95.238
0 26571402
92.4986056779086 95.238
0 26761878
92.4986056779086 95.238
0 26857116
92.4986056779086 190.476
0 27142830
92.4986056779086 95.238
0 27333306
92.4986056779086 95.238
0 27428544
92.4986056779086 95.238
0 27714258
92.4986056779086 95.238
0 27904734
92.4986056779086 95.238
0 27999972
92.4986056779086 190.476
0 28285686
92.4986056779086 95.238
0 28476162
92.4986056779086 95.238
0 28571400
92.4986056779086 95.238
0 28857114
92.4986056779086 95.238
0 29047590
92.4986056779086 95.238
0 29142828
92.4986056779086 190.476
0 29428542
92.4986056779086 95.238
0 29619018
92.4986056779086 95.238
0 29714256
92.4986056779086 190.476
0 29999970
92.4986056779086 95.238
0 30142827
92.4986056779086 190.476
0 30428541
92.4986056779086 95.238
0 30571398
92.4986056779086 190.476
0 30857112
92.4986056779086 190.476
0 31285683
92.4986056779086 190.476
0 31571397
92.4986056779086 95.238
0 31714254
92.4986056779086 95.238
0 31857111
92.4986056779086 95.238
0 31999968
92.4986056779086 190.476
0 32285682
92.4986056779086 95.238
0 32428539
92.4986056779086 190.476
0 32714253
92.4986056779086 95.238
0 32857110
92.4986056779086 190.476
0 33142824
92.4986056779086 190.476
0 33571395
92.4986056779086 190.476
0 33857109
92.4986056779086 95.238
0 33999966
92.4986056779086 95.238
0 34142823
92.4986056779086 95.238
0 34285680
92.4986056779086 190.476
0 34571394
92.4986056779086 95.238
0 34714251
92.4986056779086 190.476
0 34999965
92.4986056779086 95.238
0 35142822
92.4986056779086 190.476
0 35428536
92.4986056779086 190.476
0 35857107
92.4986056779086 190.476
0 36142821
92.4986056779086 95.238
0 36285678
92.4986056779086 95.238
0 36428535
92.4986056779086 95.238
0 36571392
92.4986056779086 190.476
0 36857106
92.4986056779086 95.238
0 36999963
92.4986056779086 190.476
0 37285677
92.4986056779086 95.238
0 37428534
92.4986056779086 190.476
0 37714248
92.4986056779086 190.476
0 38142819
92.4986056779086 190.476
0 38428533
92.4986056779086 95.238
0 38571390
92.4986056779086 95.238
0 38714247
92.4986056779086 95.238
0 38857104
92.4986056779086 95.238
0 39142818
92.4986056779086 95.238
0 39333294
92.4986056779086 95.238
0 39428532
92.4986056779086 190.476
0 39714246
92.4986056779086 95.238
0 39904722
92.4986056779086 95.238
0 39999960
92.4986056779086 95.238
0 40285674
92.4986056779086 95.238
0 40476150
92.4986056779086 95.238
0 40571388
92.4986056779086 190.476
0 40857102
92.4986056779086 95.238
0 41047578
92.4986056779086 95.238
0 41142816
92.4986056779086 95.238
0 41428530
92.4986056779086 95.238
0 41619006
92.4986056779086 95.238
0 41714244
92.4986056779086 190.476
0 41999958
92.4986056779086 95.238
0 42190434
92.4986056779086 95.238
0 42285672
92.4986056779086 95.238
0 42571386
92.4986056779086 95.238
0 42761862
92.4986056779086 95.238
0 42857100
92.4986056779086 190.476
0 43142814
92.4986056779086 95.238
0 43333290
92.4986056779086 95.238
0 43428528
92.4986056779086 95.238
0 43714242
92.4986056779086 95.238
0 43904718
92.4986056779086 95.238
0 43999956
92.4986056779086 190.476
0 44285670
92.4986056779086 95.238
0 44476146
92.4986056779086 95.238
0 44571384
92.4986056779086 95.238
0 44857098
92.4986056779086 95.238
0 45047574
92.4986056779086 95.238
0 45142812
92.4986056779086 190.476
0 45428526
92.4986056779086 95.238
0 45619002
92.4986056779086 95.238
0 45714240
92.4986056779086 95.238
0 45999954
92.4986056779086 95.238
0 46190430
92.4986056779086 95.238
0 46285668
92.4986056779086 190.476
0 46571382
92.4986056779086 95.238
0 46761858
92.4986056779086 95.238
0 46857096
92.4986056779086 95.238
0 47142810
92.4986056779086 95.238
0 47333286
92.4986056779086 95.238
0 47428524
92.4986056779086 190.476
0 47714238
92.4986056779086 95.238
0 47904714
92.4986056779086 95.238
0 47999952
92.4986056779086 95.238
0 48428523
92.4986056779086 95.238
0 48571380
92.4986056779086 190.476
0 48857094
92.4986056779086 95.238
0 49142808
92.4986056779086 95.238
0 49571379
92.4986056779086 95.238
0 49714236
92.4986056779086 190.476
0 49999950
92.4986056779086 95.238
0 50285664
92.4986056779086 95.238
0 50714235
92.4986056779086 95.238
0 50857092
92.4986056779086 190.476
0 51142806
92.4986056779086 95.238
0 51428520
92.4986056779086 95.238
0 51857091
92.4986056779086 95.238
0 51999948
92.4986056779086 190.476
0 52285662
92.4986056779086 95.238
0 52571376
92.4986056779086 95.238
0 52999947
92.4986056779086 95.238
0 53142804
92.4986056779086 190.476
0 53428518
92.4986056779086 95.238
0 53714232
92.4986056779086 95.238
0 54142803
92.4986056779086 95.238
0 54285660
92.4986056779086 190.476
0 54571374
92.4986056779086 95.238
0 54857088
92.4986056779086 95.238
0 55285659
92.4986056779086 95.238
0 55428516
92.4986056779086 190.476
0 55714230
92.4986056779086 95.238
0 55999944
92.4986056779086 95.238
0 56428515
92.4986056779086 95.238
0 56571372
92.4986056779086 190.476
0 56857086
92.4986056779086 95.238
0 57142800
92.4986056779086 95.238
0 57571371
92.4986056779086 95.238
0 57714228
92.4986056779086 190.476
0 57999942
92.4986056779086 95.238
0 58285656
92.4986056779086 95.238
0 58714227
92.4986056779086 95.238
0 58857084
92.4986056779086 190.476
0 59142798
92.4986056779086 95.238
0 59428512
92.4986056779086 95.238
0 59857083
92.4986056779086 95.238
0 59999940
92.4986056779086 190.476
0 60285654
92.4986056779086 95.238
0 60571368
92.4986056779086 95.238
0 60999939
92.4986056779086 95.238
0 61142796
92.4986056779086 190.476
0 61428510
92.4986056779086 95.238
0 61714224
92.4986056779086 95.238
0 62142795
92.4986056779086 95.238
0 62285652
92.4986056779086 190.476
0 62571366
92.4986056779086 95.238
0 62857080
92.4986056779086 95.238
0 63285651
92.4986056779086 95.238
0 63428508
92.4986056779086 190.476
0 63714222
92.4986056779086 95.238
0 63999936
92.4986056779086 95.238
0 64428507
92.4986056779086 95.238
0 64571364
92.4986056779086 190.476
0 64857078
92.4986056779086 95.238
0 65142792
92.4986056779086 95.238
0 65571363
92.4986056779086 95.238
0 65714220
92.4986056779086 190.476
0 65999934
92.4986056779086 95.238
0 66285648
92.4986056779086 190.476
0 66571362
92.4986056779086 95.238
0 66714219
92.4986056779086 190.476
0 66999933
92.4986056779086 95.238
0 67142790
92.4986056779086 190.476
0 67428504
92.4986056779086 190.476
0 67857075
92.4986056779086 190.476
0 68142789
92.4986056779086 95.238
0 68285646
92.4986056779086 95.238
0 68428503
92.4986056779086 95.238
0 68571360
92.4986056779086 190.476
0 68857074
92.4986056779086 95.238
0 68999931
92.4986056779086 190.476
0 69285645
92.4986056779086 95.238
0 69428502
92.4986056779086 190.476
0 69714216
92.4986056779086 190.476
0 70142787
92.4986056779086 190.476
0 70428501
92.4986056779086 95.238
0 70571358
92.4986056779086 95.238
0 70714215
92.4986056779086 95.238
0 70857072
92.4986056779086 190.476
0 71142786
92.4986056779086 95.238
0 71285643
92.4986056779086 190.476
0 71571357
92.4986056779086 95.238
0 71714214
92.4986056779086 190.476
0 71999928
92.4986056779086 190.476
0 72428499
92.4986056779086 190.476
0 72714213
92.4986056779086 95.238
0 72857070
92.4986056779086 95.238
0 72999927
92.4986056779086 95.238
0 73142784
92.4986056779086 190.476
0 73428498
92.4986056779086 95.238
0 73571355
92.4986056779086 190.476
0 73857069
92.4986056779086 95.238
0 73999926
92.4986056779086 190.476
0 74285640
92.4986056779086 190.476
0 74714211
92.4986056779086 190.476
0 74999925
92.4986056779086 95.238
0 75142782
92.4986056779086 95.238
0 75285639
92.4986056779086 95.238
0 75428496
92.4986056779086 95.238
0 75857067
92.4986056779086 95.238
0 75999924
92.4986056779086 190.476
0 76285638
92.4986056779086 95.238
0 76571352
92.4986056779086 95.238
0 76999923
92.4986056779086 95.238
0 77142780
92.4986056779086 190.476
0 77428494
92.4986056779086 95.238
0 77714208
92.4986056779086 95.238
0 78142779
92.4986056779086 95.238
0 78285636
92.4986056779086 190.476
0 78571350
92.4986056779086 95.238
0 78857064
92.4986056779086 95.238
0 79285635
92.4986056779086 95.238
0 79428492
92.4986056779086 190.476
0 79714206
92.4986056779086 95.238
0 79999920
92.4986056779086 95.238
0 80428491
92.4986056779086 95.238
0 80571348
92.4986056779086 190.476
0 80857062
92.4986056779086 95.238
0 81142776
92.4986056779086 95.238
0 81571347
92.4986056779086 95.238
0 81714204
92.4986056779086 190.476
0 81999918
92.4986056779086 95.238
0 82285632
92.4986056779086 95.238
0 82714203
92.4986056779086 95.238
0 82857060
92.4986056779086 190.476
0 83142774
92.4986056779086 95.238
0 83428488
92.4986056779086 95.238
0 83857059
92.4986056779086 95.238
0 83999916
92.4986056779086 190.476
0 84285630
92.4986056779086 95.238
