0 0
369.994422711634 95.238
0 142857
369.994422711634 95.238
0 428571
369.994422711634 95.238
0 714285
369.994422711634 95.238
0 857142
369.994422711634 95.238
0 1142856
493.883301256124 95.238
0 1714284
391.995435981749 95.238
0 2285712
329.62755691287 95.238
0 2714283
261.625565300599 95.238
0 3142854
195.997717990875 95.238
0 3571425
261.625565300599 95.238
0 3857139
293.664767917408 95.238
0 4142853
277.182630976872 95.238
0 4285710
261.625565300599 95.238
0 4571424
261.625565300599 95.238
0 4761900
391.995435981749 95.238
0 4952376
493.883301256124 95.238
0 5142852
523.251130601197 95.238
0 5428566
440 95.238
0 5571423
493.883301256124 95.238
0 5857137
440 95.238
0 6142851
329.62755691287 95.238
0 6285708
349.228231433004 95.238
0 6428565
293.664767917408 95.238
0 6857136
329.62755691287 95.238
0 7285707
261.625565300599 95.238
0 7714278
195.997717990875 95.238
0 8142849
261.625565300599 95.238
0 8428563
293.664767917408 95.238
0 8714277
277.182630976872 95.238
0 8857134
261.625565300599 95.238
0 9142848
261.625565300599 95.238
0 9333324
391.995435981749 95.238
0 9523800
493.883301256124 95.238
0 9714276
523.251130601197 95.238
0 9999990
440 95.238
0 10142847
493.883301256124 95.238
0 10428561
440 95.238
0 10714275
329.62755691287 95.238
0 10857132
349.228231433004 95.238
0 10999989
293.664767917408 95.238
0 11714274
659.25511382574 95.238
0 11857131
622.253967444162 95.238
0 11999988
587.329535834815 95.238
0 12142845
493.883301256124 95.238
0 12428559
523.251130601197 95.238
0 12714273
329.62755691287 95.238
0 12857130
349.228231433004 95.238
0 12999987
391.995435981749 95.238
0 13285701
261.625565300599 95.238
0 13428558
329.62755691287 95.238
0 13571415
349.228231433004 95.238
0 13999986
659.25511382574 95.238
0 14142843
622.253967444162 95.238
0 14285700
587.329535834815 95.238
0 14428557
493.883301256124 95.238
0 14714271
523.251130601197 95.238
0 14999985
698.456462866008 95.238
0 15285699
698.456462866008 95.238
0 15428556
698.456462866008 95.238
0 16285698
659.25511382574 95.238
0 16428555
622.253967444162 95.238
0 16571412
587.329535834815 95.238
0 16714269
493.883301256124 95.238
0 16999983
523.251130601197 95.238
0 17285697
329.62755691287 95.238
0 17428554
349.228231433004 95.238
0 17571411
391.995435981749 95.238
0 17857125
261.625565300599 95.238
0 17999982
329.62755691287 95.238
0 18142839
349.228231433004 95.238
0 18571410
415.304697579945 95.238
0 18999981
349.228231433004 95.238
0 19428552
329.62755691287 95.238
0 20857122
659.25511382574 95.238
0 20999979
622.253967444162 95.238
0 21142836
587.329535834815 95.238
0 21285693
493.883301256124 95.238
0 21571407
523.251130601197 95.238
0 21857121
329.62755691287 95.238
0 21999978
349.228231433004 95.238
0 22142835
391.995435981749 95.238
0 22428549
261.625565300599 95.238
0 22571406
329.62755691287 95.238
0 22714263
349.228231433004 95.238
0 23142834
659.25511382574 95.238
0 23285691
622.253967444162 95.238
0 23428548
587.329535834815 95.238
0 23571405
493.883301256124 95.238
0 23857119
523.251130601197 95.238
0 24142833
698.456462866008 95.238
0 24428547
698.456462866008 95.238
0 24571404
698.456462866008 95.238
0 25428546
659.25511382574 95.238
0 25571403
622.253967444162 95.238
0 25714260
587.329535834815 95.238
0 25857117
493.883301256124 95.238
0 26142831
523.251130601197 95.238
0 26428545
329.62755691287 95.238
0 26571402
349.228231433004 95.238
0 26714259
391.995435981749 95.238
0 26999973
261.625565300599 95.238
0 27142830
329.62755691287 95.238
0 27285687
349.228231433004 95.238
0 27714258
415.304697579945 95.238
0 28142829
349.228231433004 95.238
0 28571400
329.62755691287 95.238
0 29714256
415.304697579945 95.238
0 29857113
415.304697579945 95.238
0 30142827
415.304697579945 95.238
0 30428541
415.304697579945 95.238
0 30571398
466.16376151809 95.238
0 30857112
391.995435981749 95.238
0 30999969
329.62755691287 95.238
0 31285683
329.62755691287 95.238
0 31428540
261.625565300599 95.238
0 31999968
415.304697579945 95.238
0 32142825
415.304697579945 95.238
0 32428539
415.304697579945 95.238
0 32714253
415.304697579945 95.238
0 32857110
466.16376151809 95.238
0 32999967
391.995435981749 95.238
0 34285680
415.304697579945 95.238
0 34428537
415.304697579945 95.238
0 34714251
415.304697579945 95.238
0 34999965
415.304697579945 95.238
0 35142822
466.16376151809 95.238
0 35428536
391.995435981749 95.238
0 35571393
329.62755691287 95.238
0 35857107
329.62755691287 95.238
0 35999964
261.625565300599 95.238
0 36571392
369.994422711634 95.238
0 36714249
369.994422711634 95.238
0 36999963
369.994422711634 95.238
0 37285677
369.994422711634 95.238
0 37428534
369.994422711634 95.238
0 37714248
493.883301256124 95.238
0 38285676
391.995435981749 95.238
0 38857104
329.62755691287 95.238
0 39285675
261.625565300599 95.238
0 39714246
195.997717990875 95.238
0 40142817
261.625565300599 95.238
0 40428531
293.664767917408 95.238
0 40714245
277.182630976872 95.238
0 40857102
261.625565300599 95.238
0 41142816
261.625565300599 95.238
0 41333292
391.995435981749 95.238
0 41523768
493.883301256124 95.238
0 41714244
523.251130601197 95.238
0 41999958
440 95.238
0 42142815
493.883301256124 95.238
0 42428529
440 95.238
0 42714243
329.62755691287 95.238
0 42857100
349.228231433004 95.238
0 42999957
293.664767917408 95.238
0 43428528
329.62755691287 95.238
0 43857099
261.625565300599 95.238
0 44285670
195.997717990875 95.238
0 44714241
261.625565300599 95.238
0 44999955
293.664767917408 95.238
0 45285669
277.182630976872 95.238
0 45428526
261.625565300599 95.238
0 45714240
261.625565300599 95.238
0 45904716
391.995435981749 95.238
0 46095192
493.883301256124 95.238
0 46285668
523.251130601197 95.238
0 46571382
440 95.238
0 46714239
493.883301256124 95.238
0 46999953
440 95.238
0 47285667
329.62755691287 95.238
0 47428524
349.228231433004 95.238
0 47571381
293.664767917408 95.238
0 47999952
523.251130601197 95.238
0 48142809
440 95.238
0 48428523
329.62755691287 95.238
0 48857094
329.62755691287 95.238
0 49142808
349.228231433004 95.238
0 49285665
523.251130601197 95.238
0 49571379
523.251130601197 95.238
0 49714236
349.228231433004 95.238
0 50285664
391.995435981749 95.238
0 50476140
698.456462866008 95.238
0 50666616
698.456462866008 95.238
0 50857092
698.456462866008 95.238
0 51047568
659.25511382574 95.238
0 51238044
587.329535834815 95.238
0 51428520
523.251130601197 95.238
0 51571377
440 95.238
0 51857091
349.228231433004 95.238
0 51999948
329.62755691287 95.238
0 52571376
523.251130601197 95.238
0 52714233
440 95.238
0 52999947
329.62755691287 95.238
0 53428518
329.62755691287 95.238
0 53714232
349.228231433004 95.238
0 53857089
523.251130601197 95.238
0 54142803
523.251130601197 95.238
0 54285660
349.228231433004 95.238
0 54857088
391.995435981749 95.238
0 54999945
587.329535834815 95.238
0 55285659
587.329535834815 95.238
0 55428516
587.329535834815 95.238
0 55618992
523.251130601197 95.238
0 55809468
493.883301256124 95.238
0 55999944
391.995435981749 95.238
0 56142801
329.62755691287 95.238
0 56428515
329.62755691287 95.238
0 56571372
261.625565300599 95.238
0 57142800
523.251130601197 95.238
0 57285657
440 95.238
0 57571371
329.62755691287 95.238
0 57999942
329.62755691287 95.238
0 58285656
349.228231433004 95.238
0 58428513
523.251130601197 95.238
0 58714227
523.251130601197 95.238
0 58857084
349.228231433004 95.238
0 59428512
391.995435981749 95.238
0 59618988
698.456462866008 95.238
0 59809464
698.456462866008 95.238
0 59999940
698.456462866008 95.238
0 60190416
659.25511382574 95.238
0 60380892
587.329535834815 95.238
0 60571368
523.251130601197 95.238
0 60714225
440 95.238
0 60999939
349.228231433004 95.238
0 61142796
329.62755691287 95.238
0 61714224
523.251130601197 95.238
0 61857081
440 95.238
0 62142795
329.62755691287 95.238
0 62571366
329.62755691287 95.238
0 62857080
349.228231433004 95.238
0 62999937
523.251130601197 95.238
0 63285651
523.251130601197 95.238
0 63428508
349.228231433004 95.238
0 63999936
391.995435981749 95.238
0 64142793
587.329535834815 95.238
0 64428507
587.329535834815 95.238
0 64571364
587.329535834815 95.238
0 64761840
523.251130601197 95.238
0 64952316
493.883301256124 95.238
0 65142792
391.995435981749 95.238
0 65285649
329.62755691287 95.238
0 65571363
329.62755691287 95.238
0 65714220
261.625565300599 95.238
0 66285648
415.304697579945 95.238
0 66428505
415.304697579945 95.238
0 66714219
415.304697579945 95.238
0 66999933
415.304697579945 95.238
0 67142790
466.16376151809 95.238
0 67428504
391.995435981749 95.238
0 67571361
329.62755691287 95.238
0 67857075
329.62755691287 95.238
0 67999932
261.625565300599 95.238
0 68571360
415.304697579945 95.238
0 68714217
415.304697579945 95.238
0 68999931
415.304697579945 95.238
0 69285645
415.304697579945 95.238
0 69428502
466.16376151809 95.238
0 69571359
391.995435981749 95.238
0 70857072
415.304697579945 95.238
0 70999929
415.304697579945 95.238
0 71285643
415.304697579945 95.238
0 71571357
415.304697579945 95.238
0 71714214
466.16376151809 95.238
0 71999928
391.995435981749 95.238
0 72142785
329.62755691287 95.238
0 72428499
329.62755691287 95.238
0 72571356
261.625565300599 95.238
0 73142784
369.994422711634 95.238
0 73285641
369.994422711634 95.238
0 73571355
369.994422711634 95.238
0 73857069
369.994422711634 95.238
0 73999926
369.994422711634 95.238
0 74285640
493.883301256124 95.238
0 74857068
391.995435981749 95.238
0 75428496
523.251130601197 95.238
0 75571353
440 95.238
0 75857067
329.62755691287 95.238
0 76285638
329.62755691287 95.238
0 76571352
349.228231433004 95.238
0 76714209
523.251130601197 95.238
0 76999923
523.251130601197 95.238
0 77142780
349.228231433004 95.238
0 77714208
391.995435981749 95.238
0 77904684
698.456462866008 95.238
0 78095160
698.456462866008 95.238
0 78285636
698.456462866008 95.238
0 78476112
659.25511382574 95.238
0 78666588
587.329535834815 95.238
0 78857064
523.251130601197 95.238
0 78999921
440 95.238
0 79285635
349.228231433004 95.238
0 79428492
329.62755691287 95.238
0 79999920
523.251130601197 95.238
0 80142777
440 95.238
0 80428491
329.62755691287 95.238
0 80857062
329.62755691287 95.238
0 81142776
349.228231433004 95.238
0 81285633
523.251130601197 95.238
0 81571347
523.251130601197 95.238
0 81714204
349.228231433004 95.238
0 82285632
391.995435981749 95.238
0 82428489
587.329535834815 95.238
0 82714203
587.329535834815 95.238
0 82857060
587.329535834815 95.238
0 83047536
523.251130601197 95.238
0 83238012
493.883301256124 95.238
0 83428488
391.995435981749 95.238
0 83571345
329.62755691287 95.238
0 83857059
329.62755691287 95.238
0 83999916
261.625565300599 95.238
