0 0
659.25511382574 95.238
0 142857
659.25511382574 95.238
0 428571
659.25511382574 95.238
0 714285
523.251130601197 95.238
0 857142
659.25511382574 95.238
0 1142856
783.990871963498 95.238
0 2285712
523.251130601197 95.238
0 2714283
391.995435981749 95.238
0 3142854
329.62755691287 95.238
0 3571425
440 95.238
0 3857139
493.883301256124 95.238
0 4142853
466.16376151809 95.238
0 4285710
440 95.238
0 4571424
391.995435981749 95.238
0 4761900
659.25511382574 95.238
0 4952376
783.990871963498 95.238
0 5142852
880 95.238
0 5428566
698.456462866008 95.238
0 5571423
783.990871963498 95.238
0 5857137
659.25511382574 95.238
0 6142851
523.251130601197 95.238
0 6285708
587.329535834815 95.238
0 6428565
493.883301256124 95.238
0 6857136
523.251130601197 95.238
0 7285707
391.995435981749 95.238
0 7714278
329.62755691287 95.238
0 8142849
440 95.238
0 8428563
493.883301256124 95.238
0 8714277
466.16376151809 95.238
0 8857134
440 95.238
0 9142848
391.995435981749 95.238
0 9333324
659.25511382574 95.238
0 9523800
783.990871963498 95.238
0 9714276
880 95.238
0 9999990
698.456462866008 95.238
0 10142847
783.990871963498 95.238
0 10428561
659.25511382574 95.238
0 10714275
523.251130601197 95.238
0 10857132
587.329535834815 95.238
0 10999989
493.883301256124 95.238
0 11714274
783.990871963498 95.238
0 11857131
739.988845423269 95.238
0 11999988
698.456462866008 95.238
0 12142845
622.253967444162 95.238
0 12428559
659.25511382574 95.238
0 12714273
415.304697579945 95.238
0 12857130
440 95.238
0 12999987
523.251130601197 95.238
0 13285701
440 95.238
0 13428558
523.251130601197 95.238
0 13571415
587.329535834815 95.238
0 13999986
783.990871963498 95.238
0 14142843
739.988845423269 95.238
0 14285700
698.456462866008 95.238
0 14428557
622.253967444162 95.238
0 14714271
659.25511382574 95.238
0 14999985
1046.50226120239 95.238
0 15285699
1046.50226120239 95.238
0 15428556
1046.50226120239 95.238
0 16285698
783.990871963498 95.238
0 16428555
739.988845423269 95.238
0 16571412
698.456462866008 95.238
0 16714269
622.253967444162 95.238
0 16999983
659.25511382574 95.238
0 17285697
415.304697579945 95.238
0 17428554
440 95.238
0 17571411
523.251130601197 95.238
0 17857125
440 95.238
0 17999982
523.251130601197 95.238
0 18142839
587.329535834815 95.238
0 18571410
622.253967444162 95.238
0 18999981
587.329535834815 95.238
0 19428552
523.251130601197 95.238
0 20857122
783.990871963498 95.238
0 20999979
739.988845423269 95.238
0 21142836
698.456462866008 95.238
0 21285693
622.253967444162 95.238
0 21571407
659.25511382574 95.238
0 21857121
415.304697579945 95.238
0 21999978
440 95.238
0 22142835
523.251130601197 95.238
0 22428549
440 95.238
0 22571406
523.251130601197 95.238
0 22714263
587.329535834815 95.238
0 23142834
783.990871963498 95.238
0 23285691
739.988845423269 95.238
0 23428548
698.456462866008 95.238
0 23571405
622.253967444162 95.238
0 23857119
659.25511382574 95.238
0 24142833
1046.50226120239 95.238
0 24428547
1046.50226120239 95.238
0 24571404
1046.50226120239 95.238
0 25428546
783.990871963498 95.238
0 25571403
739.988845423269 95.238
0 25714260
698.456462866008 95.238
0 25857117
622.253967444162 95.238
0 26142831
659.25511382574 95.238
0 26428545
415.304697579945 95.238
0 26571402
440 95.238
0 26714259
523.251130601197 95.238
0 26999973
440 95.238
0 27142830
523.251130601197 95.238
0 27285687
587.329535834815 95.238
0 27714258
622.253967444162 95.238
0 28142829
587.329535834815 95.238
0 28571400
523.251130601197 95.238
0 29714256
523.251130601197 95.238
0 29857113
523.251130601197 95.238
0 30142827
523.251130601197 95.238
0 30428541
523.251130601197 95.238
0 30571398
587.329535834815 95.238
0 30857112
659.25511382574 95.238
0 30999969
523.251130601197 95.238
0 31285683
440 95.238
0 31428540
391.995435981749 95.238
0 31999968
523.251130601197 95.238
0 32142825
523.251130601197 95.238
0 32428539
523.251130601197 95.238
0 32714253
523.251130601197 95.238
0 32857110
587.329535834815 95.238
0 32999967
659.25511382574 95.238
0 34285680
523.251130601197 95.238
0 34428537
523.251130601197 95.238
0 34714251
523.251130601197 95.238
0 34999965
523.251130601197 95.238
0 35142822
587.329535834815 95.238
0 35428536
659.25511382574 95.238
0 35571393
523.251130601197 95.238
0 35857107
440 95.238
0 35999964
391.995435981749 95.238
0 36571392
659.25511382574 95.238
0 36714249
659.25511382574 95.238
0 36999963
659.25511382574 95.238
0 37285677
523.251130601197 95.238
0 37428534
659.25511382574 95.238
0 37714248
783.990871963498 95.238
0 38857104
523.251130601197 95.238
0 39285675
391.995435981749 95.238
0 39714246
329.62755691287 95.238
0 40142817
440 95.238
0 40428531
493.883301256124 95.238
0 40714245
466.16376151809 95.238
0 40857102
440 95.238
0 41142816
391.995435981749 95.238
0 41333292
659.25511382574 95.238
0 41523768
783.990871963498 95.238
0 41714244
880 95.238
0 41999958
698.456462866008 95.238
0 42142815
783.990871963498 95.238
0 42428529
659.25511382574 95.238
0 42714243
523.251130601197 95.238
0 42857100
587.329535834815 95.238
0 42999957
493.883301256124 95.238
0 43428528
523.251130601197 95.238
0 43857099
391.995435981749 95.238
0 44285670
329.62755691287 95.238
0 44714241
440 95.238
0 44999955
493.883301256124 95.238
0 45285669
466.16376151809 95.238
0 45428526
440 95.238
0 45714240
391.995435981749 95.238
0 45904716
659.25511382574 95.238
0 46095192
783.990871963498 95.238
0 46285668
880 95.238
0 46571382
698.456462866008 95.238
0 46714239
783.990871963498 95.238
0 46999953
659.25511382574 95.238
0 47285667
523.251130601197 95.238
0 47428524
587.329535834815 95.238
0 47571381
493.883301256124 95.238
0 47999952
659.25511382574 95.238
0 48142809
523.251130601197 95.238
0 48428523
391.995435981749 95.238
0 48857094
415.304697579945 95.238
0 49142808
440 95.238
0 49285665
698.456462866008 95.238
0 49571379
698.456462866008 95.238
0 49714236
440 95.238
0 50285664
493.883301256124 95.238
0 50476140
880 95.238
0 50666616
880 95.238
0 50857092
880 95.238
0 51047568
783.990871963498 95.238
0 51238044
698.456462866008 95.238
0 51428520
659.25511382574 95.238
0 51571377
523.251130601197 95.238
0 51857091
440 95.238
0 51999948
391.995435981749 95.238
0 52571376
659.25511382574 95.238
0 52714233
523.251130601197 95.238
0 52999947
391.995435981749 95.238
0 53428518
415.304697579945 95.238
0 53714232
440 95.238
0 53857089
698.456462866008 95.238
0 54142803
698.456462866008 95.238
0 54285660
440 95.238
0 54857088
493.883301256124 95.238
0 54999945
698.456462866008 95.238
0 55285659
698.456462866008 95.238
0 55428516
698.456462866008 95.238
0 55618992
659.25511382574 95.238
0 55809468
587.329535834815 95.238
0 55999944
523.251130601197 95.238
0 57142800
659.25511382574 95.238
0 57285657
523.251130601197 95.238
0 57571371
391.995435981749 95.238
0 57999942
415.304697579945 95.238
0 58285656
440 95.238
0 58428513
698.456462866008 95.238
0 58714227
698.456462866008 95.238
0 58857084
440 95.238
0 59428512
493.883301256124 95.238
0 59618988
880 95.238
0 59809464
880 95.238
0 59999940
880 95.238
0 60190416
783.990871963498 95.238
0 60380892
698.456462866008 95.238
0 60571368
659.25511382574 95.238
0 60714225
523.251130601197 95.238
0 60999939
440 95.238
0 61142796
391.995435981749 95.238
0 61714224
659.25511382574 95.238
0 61857081
523.251130601197 95.238
0 62142795
391.995435981749 95.238
0 62571366
415.304697579945 95.238
0 62857080
440 95.238
0 62999937
698.456462866008 95.238
0 63285651
698.456462866008 95.238
0 63428508
440 95.238
0 63999936
493.883301256124 95.238
0 64142793
698.456462866008 95.238
0 64428507
698.456462866008 95.238
0 64571364
698.456462866008 95.238
0 64761840
659.25511382574 95.238
0 64952316
587.329535834815 95.238
0 65142792
523.251130601197 95.238
0 66285648
523.251130601197 95.238
0 66428505
523.251130601197 95.238
0 66714219
523.251130601197 95.238
0 66999933
523.251130601197 95.238
0 67142790
587.329535834815 95.238
0 67428504
659.25511382574 95.238
0 67571361
523.251130601197 95.238
0 67857075
440 95.238
0 67999932
391.995435981749 95.238
0 68571360
523.251130601197 95.238
0 68714217
523.251130601197 95.238
0 68999931
523.251130601197 95.238
0 69285645
523.251130601197 95.238
0 69428502
587.329535834815 95.238
0 69571359
659.25511382574 95.238
0 70857072
523.251130601197 95.238
0 70999929
523.251130601197 95.238
0 71285643
523.251130601197 95.238
0 71571357
523.251130601197 95.238
0 71714214
587.329535834815 95.238
0 71999928
659.25511382574 95.238
0 72142785
523.251130601197 95.238
0 72428499
440 95.238
0 72571356
391.995435981749 95.238
0 73142784
659.25511382574 95.238
0 73285641
659.25511382574 95.238
0 73571355
659.25511382574 95.238
0 73857069
523.251130601197 95.238
0 73999926
659.25511382574 95.238
0 74285640
783.990871963498 95.238
0 75428496
659.25511382574 95.238
0 75571353
523.251130601197 95.238
0 75857067
391.995435981749 95.238
0 76285638
415.304697579945 95.238
0 76571352
440 95.238
0 76714209
698.456462866008 95.238
0 76999923
698.456462866008 95.238
0 77142780
440 95.238
0 77714208
493.883301256124 95.238
0 77904684
880 95.238
0 78095160
880 95.238
0 78285636
880 95.238
0 78476112
783.990871963498 95.238
0 78666588
698.456462866008 95.238
0 78857064
659.25511382574 95.238
0 78999921
523.251130601197 95.238
0 79285635
440 95.238
0 79428492
391.995435981749 95.238
0 79999920
659.25511382574 95.238
0 80142777
523.251130601197 95.238
0 80428491
391.995435981749 95.238
0 80857062
415.304697579945 95.238
0 81142776
440 95.238
0 81285633
698.456462866008 95.238
0 81571347
698.456462866008 95.238
0 81714204
440 95.238
0 82285632
493.883301256124 95.238
0 82428489
698.456462866008 95.238
0 82714203
698.456462866008 95.238
0 82857060
698.456462866008 95.238
0 83047536
659.25511382574 95.238
0 83238012
587.329535834815 95.238
0 83428488
523.251130601197 95.238
