0 4.882841796875
65.4063913251497 246.583510742188
0 15.1368095703125
97.9988589954373 121.0944765625
0 0.4882841796875
97.9988589954373 125.977318359375
0 0.4882841796875
97.9988589954373 96.1919833984375
0 150.39152734375
97.9988589954373 98.633404296875
0 150.39152734375
97.9988589954373 248.536647460938
0 0.4882841796875
97.9988589954373 96.1919833984375
0 150.39152734375
97.9988589954373 96.1919833984375
0 150.39152734375
48.9994294977187 97.1685517578125
0 152.3446640625
65.4063913251497 249.513215820313
0 15.1368095703125
97.9988589954373 121.0944765625
0 0.4882841796875
97.9988589954373 125.977318359375
0 0.4882841796875
97.9988589954373 96.1919833984375
0 150.39152734375
97.9988589954373 98.633404296875
0 150.39152734375
97.9988589954373 248.536647460938
0 0.4882841796875
97.9988589954373 96.1919833984375
0 150.39152734375
97.9988589954373 96.1919833984375
0 150.39152734375
48.9994294977187 97.1685517578125
0 152.3446640625
65.4063913251497 249.513215820313
0 15.1368095703125
97.9988589954373 97.6568359375
0 23.9259248046875
97.9988589954373 125.977318359375
0 0.4882841796875
97.9988589954373 246.0952265625
0 0.4882841796875
97.9988589954373 98.633404296875
0 150.39152734375
97.9988589954373 248.536647460938
0 0.4882841796875
97.9988589954373 120.606192382812
0 0.4882841796875
391.995435981749 117.676487304688
0 7.812546875
97.9988589954373 231.446701171875
0 15.1368095703125
48.9994294977187 97.1685517578125
0 152.3446640625
65.4063913251497 249.513215820313
0 15.1368095703125
97.9988589954373 97.6568359375
0 23.9259248046875
97.9988589954373 125.977318359375
0 0.4882841796875
97.9988589954373 246.0952265625
0 0.4882841796875
97.9988589954373 98.633404296875
0 150.39152734375
97.9988589954373 248.536647460938
0 0.4882841796875
97.9988589954373 120.606192382812
0 0.4882841796875
391.995435981749 117.676487304688
0 7.812546875
97.9988589954373 231.446701171875
0 15.1368095703125
48.9994294977187 97.1685517578125
0 152.3446640625
65.4063913251497 249.513215820313
0 15.1368095703125
97.9988589954373 121.0944765625
0 0.4882841796875
97.9988589954373 125.977318359375
0 0.4882841796875
97.9988589954373 246.0952265625
0 0.4882841796875
97.9988589954373 233.888122070313
0 15.1368095703125
1108.73052390749 62.500375
0 0
1046.50226120239 62.500375
0 3.9062734375
932.32752303618 4.882841796875
0 0.4882841796875
97.9988589954373 29.29705078125
0 217.286459960937
97.9988589954373 231.446701171875
0 15.1368095703125
880 62.500375
0 0
830.60939515989 47.3635654296875
0 17.0899462890625
65.4063913251497 27.3439140625
0 237.306111328125
97.9988589954373 121.0944765625
0 0.4882841796875
97.9988589954373 125.977318359375
0 0.4882841796875
97.9988589954373 246.0952265625
0 0.4882841796875
97.9988589954373 248.536647460938
0 0.4882841796875
97.9988589954373 248.536647460938
0 0.4882841796875
97.9988589954373 246.0952265625
0 0.4882841796875
97.9988589954373 231.446701171875
0 15.1368095703125
48.9994294977187 232.42326953125
0 17.0899462890625
783.990871963498 62.500375
0 0
698.456462866008 62.500375
0 3.9062734375
87.307057858251 121.0944765625
0 0.4882841796875
87.307057858251 89.3560048828125
0 37.10959765625
87.307057858251 231.446701171875
0 15.1368095703125
87.307057858251 233.888122070313
0 15.1368095703125
987.766602512248 62.500375
0 0
932.32752303618 62.500375
0 3.9062734375
830.60939515989 4.882841796875
0 0.4882841796875
87.307057858251 29.29705078125
0 217.286459960937
87.307057858251 231.446701171875
0 15.1368095703125
783.990871963498 62.500375
0 0
698.456462866008 47.3635654296875
0 17.0899462890625
65.4063913251497 27.3439140625
0 115.723350585938
698.456462866008 106.445951171875
0 15.1368095703125
97.9988589954373 121.0944765625
0 0.4882841796875
97.9988589954373 125.977318359375
0 0.4882841796875
97.9988589954373 246.0952265625
0 0.4882841796875
97.9988589954373 248.536647460938
0 0.4882841796875
97.9988589954373 248.536647460938
0 0.4882841796875
97.9988589954373 246.0952265625
0 0.4882841796875
97.9988589954373 231.446701171875
0 15.1368095703125
48.9994294977187 232.42326953125
0 17.0899462890625
65.4063913251497 249.513215820313
0 15.1368095703125
97.9988589954373 121.0944765625
0 0.4882841796875
97.9988589954373 125.977318359375
0 0.4882841796875
1108.73052390749 62.500375
0 0
1046.50226120239 62.500375
0 3.9062734375
932.32752303618 6.835978515625
0 0.4882841796875
97.9988589954373 29.29705078125
0 219.727880859375
932.32752303618 62.500375
0 0
830.60939515989 62.500375
0 3.9062734375
783.990871963498 4.882841796875
0 0.4882841796875
97.9988589954373 29.29705078125
0 217.286459960937
97.9988589954373 231.446701171875
0 15.1368095703125
48.9994294977187 232.42326953125
0 15.1368095703125
783.990871963498 8.789115234375
0 180.665146484375
97.9988589954373 121.0944765625
0 0.4882841796875
97.9988589954373 125.977318359375
0 0.4882841796875
97.9988589954373 246.0952265625
0 0.4882841796875
97.9988589954373 238.770963867188
0 10.2539677734375
97.9988589954373 248.536647460938
0 0.4882841796875
97.9988589954373 246.0952265625
0 0.4882841796875
97.9988589954373 117.676487304688
0 7.812546875
554.365261953744 105.957666992188
0 15.1368095703125
48.9994294977187 113.2819296875
0 7.812546875
783.990871963498 111.32879296875
0 17.0899462890625
58.2704701897612 249.513215820313
0 15.1368095703125
830.60939515989 12.695388671875
0 0.4882841796875
87.307057858251 49.3167021484375
0 0
783.990871963498 62.500375
0 3.9062734375
698.456462866008 10.2539677734375
0 0.4882841796875
87.307057858251 29.29705078125
0 217.286459960937
698.456462866008 9.76568359375
0 0.4882841796875
87.307057858251 29.29705078125
0 38.086166015625
554.365261953744 172.364315429688
0 9.2773994140625
87.307057858251 231.446701171875
0 15.1368095703125
698.456462866008 62.500375
0 0
659.25511382574 49.804986328125
0 15.1368095703125
48.9994294977187 29.29705078125
0 93.2622783203125
523.251130601197 62.500375
0 0
466.16376151809 47.3635654296875
0 17.0899462890625
65.4063913251497 27.3439140625
0 237.306111328125
97.9988589954373 121.0944765625
0 0.4882841796875
97.9988589954373 125.977318359375
0 0.4882841796875
97.9988589954373 246.0952265625
0 0.4882841796875
97.9988589954373 248.536647460938
0 0.4882841796875
130.812782650299 112.793645507813
0 7.812546875
97.9988589954373 113.2819296875
0 7.812546875
195.997717990875 117.676487304688
0 7.812546875
97.9988589954373 231.446701171875
0 15.1368095703125
48.9994294977187 29.29705078125
0 220.216165039063
65.4063913251497 135.254717773438
0 7.812546875
58.2704701897612 113.770213867187
0 7.812546875
65.4063913251497 113.770213867187
0 7.812546875
77.7817459305202 357.912303710938
0 15.1368095703125
87.307057858251 113.2819296875
0 7.812546875
77.7817459305202 120.117908203125
0 7.812546875
87.307057858251 120.606192382812
0 7.812546875
97.9988589954373 366.701418945313
0 0.4882841796875
116.540940379522 117.676487304688
0 7.812546875
97.9988589954373 113.2819296875
0 7.812546875
116.540940379522 113.2819296875
0 7.812546875
130.812782650299 126.465602539063
0 145.020401367188
65.4063913251497 113.770213867187
0 7.812546875
130.812782650299 232.911553710938
0 15.1368095703125
523.251130601197 62.500375
0 0
493.883301256124 58.5941015625
0 7.812546875
77.7817459305202 29.29705078125
0 91.79742578125
87.307057858251 112.793645507813
0 15.1368095703125
415.304697579945 13.1836728515625
0 0.4882841796875
87.307057858251 48.82841796875
0 0
391.995435981749 62.500375
0 3.9062734375
65.4063913251497 29.29705078125
0 217.286459960937
58.2704701897612 117.676487304688
0 7.812546875
61.7354126570155 105.957666992188
0 15.1368095703125
65.4063913251497 232.42326953125
0 17.0899462890625
65.4063913251497 135.254717773438
0 7.812546875
130.812782650299 113.770213867187
0 7.812546875
65.4063913251497 113.770213867187
0 7.812546875
58.2704701897612 118.653055664063
0 7.812546875
65.4063913251497 118.164771484375
0 7.812546875
77.7817459305202 369.14283984375
0 0.4882841796875
87.307057858251 120.606192382812
0 7.812546875
77.7817459305202 112.793645507813
0 7.812546875
87.307057858251 113.2819296875
0 7.812546875
97.9988589954373 356.935735351563
0 15.1368095703125
116.540940379522 113.2819296875
0 7.812546875
97.9988589954373 118.653055664063
0 9.76568359375
116.540940379522 135.254717773438
0 7.812546875
130.812782650299 228.028711914063
0 15.1368095703125
155.56349186104 244.630374023438
0 7.812546875
174.614115716502 226.563859375
0 15.1368095703125
110 120.117908203125
0 7.812546875
174.614115716502 6.835978515625
0 54.687828125
155.56349186104 6.835978515625
0 113.770213867187
174.614115716502 231.446701171875
0 15.1368095703125
155.56349186104 117.676487304688
0 7.812546875
130.812782650299 113.2819296875
0 7.812546875
116.540940379522 232.42326953125
0 17.0899462890625
65.4063913251497 135.254717773438
0 7.812546875
58.2704701897612 113.770213867187
0 7.812546875
65.4063913251497 113.770213867187
0 7.812546875
77.7817459305202 357.912303710938
0 15.1368095703125
87.307057858251 113.2819296875
0 7.812546875
77.7817459305202 120.117908203125
0 7.812546875
87.307057858251 120.606192382812
0 7.812546875
97.9988589954373 366.701418945313
0 0.4882841796875
116.540940379522 117.676487304688
0 7.812546875
97.9988589954373 113.2819296875
0 7.812546875
116.540940379522 113.2819296875
0 7.812546875
293.664767917408 3.4179892578125
0 27.8321982421875
261.625565300599 3.4179892578125
0 27.8321982421875
293.664767917408 3.4179892578125
0 27.8321982421875
391.995435981749 3.4179892578125
0 16.601662109375
440 3.4179892578125
0 27.8321982421875
391.995435981749 3.4179892578125
0 27.8321982421875
440 3.4179892578125
0 27.8321982421875
739.988845423269 3.4179892578125
0 13.1836728515625
783.990871963498 9.76568359375
0 73.242626953125
739.988845423269 9.76568359375
0 73.242626953125
783.990871963498 0.4882841796875
0 15.1368095703125
739.988845423269 9.76568359375
0 73.242626953125
783.990871963498 9.76568359375
0 75.195763671875
739.988845423269 9.76568359375
0 1.4648525390625
783.990871963498 7.3242626953125
0 55.1761123046875
739.988845423269 7.3242626953125
0 0
783.990871963498 7.3242626953125
0 55.1761123046875
739.988845423269 7.3242626953125
0 55.1761123046875
783.990871963498 7.3242626953125
0 55.1761123046875
739.988845423269 7.3242626953125
0 6.3476943359375
783.990871963498 7.3242626953125
0 64.45351171875
65.4063913251497 113.2819296875
0 7.812546875
554.365261953744 110.352224609375
0 15.1368095703125
554.365261953744 6.835978515625
0 54.1995439453125
61.7354126570155 6.835978515625
0 53.711259765625
466.16376151809 6.835978515625
0 53.711259765625
65.4063913251497 113.2819296875
0 7.812546875
554.365261953744 111.32879296875
0 17.0899462890625
130.812782650299 135.254717773438
0 7.812546875
123.470825314031 113.770213867187
0 7.812546875
103.826174394986 113.770213867187
0 7.812546875
97.9988589954373 244.630374023438
0 7.812546875
103.826174394986 112.793645507813
0 7.812546875
97.9988589954373 113.2819296875
0 7.812546875
87.307057858251 248.536647460938
0 7.812546875
82.4068892282175 112.793645507813
0 7.812546875
69.295657744218 113.2819296875
0 7.812546875
65.4063913251497 619.14433984375
0 2.4414208984375
97.9988589954373 249.513215820313
0 15.1368095703125
195.997717990875 113.770213867187
0 7.812546875
698.456462866008 111.32879296875
0 15.1368095703125
77.7817459305202 118.164771484375
0 7.812546875
698.456462866008 105.4693828125
0 15.1368095703125
155.56349186104 113.2819296875
0 7.812546875
698.456462866008 112.793645507813
0 15.1368095703125
87.307057858251 120.606192382812
0 7.812546875
1244.50793488832 105.4693828125
0 15.1368095703125
174.614115716502 113.2819296875
0 7.812546875
1244.50793488832 110.352224609375
0 15.1368095703125
58.2704701897612 117.676487304688
0 7.812546875
1244.50793488832 105.957666992188
0 15.1368095703125
116.540940379522 113.2819296875
0 7.812546875
2489.01586977665 111.32879296875
0 17.0899462890625
65.4063913251497 249.513215820313
0 15.1368095703125
97.9988589954373 113.770213867187
0 7.812546875
97.9988589954373 118.653055664063
0 7.812546875
97.9988589954373 231.446701171875
0 15.1368095703125
97.9988589954373 113.2819296875
0 7.812546875
830.60939515989 120.117908203125
0 7.812546875
97.9988589954373 233.888122070313
0 15.1368095703125
830.60939515989 62.500375
0 0
783.990871963498 62.500375
0 3.9062734375
698.456462866008 1.4648525390625
0 0.4882841796875
97.9988589954373 29.29705078125
0 217.286459960937
48.9994294977187 113.2819296875
0 7.812546875
698.456462866008 111.32879296875
0 17.0899462890625
65.4063913251497 249.513215820313
0 15.1368095703125
97.9988589954373 113.770213867187
0 7.812546875
97.9988589954373 118.653055664063
0 7.812546875
97.9988589954373 231.446701171875
0 15.1368095703125
880 62.500375
0 0
830.60939515989 62.500375
0 3.9062734375
783.990871963498 5.85941015625
0 0.4882841796875
97.9988589954373 29.29705078125
0 219.727880859375
97.9988589954373 246.0952265625
0 0.4882841796875
97.9988589954373 231.446701171875
0 15.1368095703125
830.60939515989 62.500375
0 0
880 47.3635654296875
0 17.0899462890625
58.2704701897612 27.3439140625
0 237.306111328125
87.307057858251 113.770213867187
0 7.812546875
87.307057858251 118.653055664063
0 7.812546875
87.307057858251 246.0952265625
0 0.4882841796875
87.307057858251 248.536647460938
0 0.4882841796875
87.307057858251 233.888122070313
0 15.1368095703125
87.307057858251 113.2819296875
0 7.812546875
783.990871963498 117.676487304688
0 7.812546875
87.307057858251 231.446701171875
0 15.1368095703125
48.9994294977187 232.42326953125
0 17.0899462890625
698.456462866008 62.500375
0 0
659.25511382574 62.500375
0 3.9062734375
97.9988589954373 29.29705078125
0 79.102037109375
659.25511382574 12.695388671875
0 0.4882841796875
97.9988589954373 49.3167021484375
0 0
554.365261953744 62.500375
0 3.9062734375
523.251130601197 10.2539677734375
0 0.4882841796875
97.9988589954373 29.29705078125
0 81.055173828125
554.365261953744 62.500375
0 0
523.251130601197 62.500375
0 3.9062734375
466.16376151809 6.835978515625
0 0.4882841796875
97.9988589954373 29.29705078125
0 84.4731630859375
523.251130601197 62.500375
0 0
554.365261953744 62.500375
0 3.9062734375
523.251130601197 5.85941015625
0 0.4882841796875
97.9988589954373 29.29705078125
0 219.727880859375
97.9988589954373 246.0952265625
0 0.4882841796875
97.9988589954373 231.446701171875
0 15.1368095703125
48.9994294977187 232.42326953125
0 17.0899462890625
65.4063913251497 249.513215820313
0 15.1368095703125
97.9988589954373 121.0944765625
0 0.4882841796875
97.9988589954373 111.32879296875
0 15.1368095703125
97.9988589954373 231.446701171875
0 15.1368095703125
97.9988589954373 233.888122070313
0 15.1368095703125
1046.50226120239 62.500375
0 0
987.766602512248 62.500375
0 3.9062734375
830.60939515989 4.882841796875
0 0.4882841796875
97.9988589954373 29.29705078125
0 217.286459960937
830.60939515989 62.500375
0 0
783.990871963498 49.804986328125
0 15.1368095703125
48.9994294977187 29.29705078125
0 218.263028320312
783.990871963498 9.2773994140625
0 179.200293945313
97.9988589954373 121.0944765625
0 0.4882841796875
97.9988589954373 111.817077148438
0 14.648525390625
97.9988589954373 246.0952265625
0 0.4882841796875
97.9988589954373 248.536647460938
0 0.4882841796875
97.9988589954373 248.536647460938
0 0.4882841796875
97.9988589954373 246.0952265625
0 0.4882841796875
97.9988589954373 231.446701171875
0 15.1368095703125
48.9994294977187 232.42326953125
0 17.0899462890625
58.2704701897612 249.513215820313
0 15.1368095703125
87.307057858251 121.0944765625
0 0.4882841796875
87.307057858251 125.977318359375
0 0.4882841796875
87.307057858251 246.0952265625
0 0.4882841796875
87.307057858251 248.536647460938
0 0.4882841796875
87.307057858251 248.536647460938
0 0.4882841796875
87.307057858251 246.0952265625
0 0.4882841796875
87.307057858251 231.446701171875
0 15.1368095703125
587.329535834815 62.500375
0 0
554.365261953744 47.3635654296875
0 17.0899462890625
65.4063913251497 17.0899462890625
0 247.560079101563
97.9988589954373 121.0944765625
0 0.4882841796875
97.9988589954373 125.977318359375
0 0.4882841796875
97.9988589954373 246.0952265625
0 0.4882841796875
116.540940379522 14.648525390625
0 113.770213867187
130.812782650299 112.793645507813
0 7.812546875
87.307057858251 113.2819296875
0 7.812546875
77.7817459305202 117.676487304688
0 1.95313671875
97.9988589954373 9.2773994140625
0 43.945576171875
48.9994294977187 113.2819296875
0 7.812546875
58.2704701897612 113.2819296875
0 7.812546875
61.7354126570155 118.653055664063
0 9.76568359375
65.4063913251497 249.513215820313
0 15.1368095703125
97.9988589954373 121.0944765625
0 0.4882841796875
97.9988589954373 125.977318359375
0 0.4882841796875
97.9988589954373 246.0952265625
0 0.4882841796875
97.9988589954373 233.888122070313
0 15.1368095703125
1108.73052390749 62.500375
0 0
1046.50226120239 62.500375
0 3.9062734375
932.32752303618 4.882841796875
0 0.4882841796875
97.9988589954373 29.29705078125
0 217.286459960937
97.9988589954373 231.446701171875
0 15.1368095703125
880 62.500375
0 0
830.60939515989 47.3635654296875
0 17.0899462890625
65.4063913251497 27.3439140625
0 237.306111328125
97.9988589954373 121.0944765625
0 0.4882841796875
97.9988589954373 125.977318359375
0 0.4882841796875
97.9988589954373 246.0952265625
0 0.4882841796875
97.9988589954373 248.536647460938
0 0.4882841796875
97.9988589954373 248.536647460938
0 0.4882841796875
97.9988589954373 246.0952265625
0 0.4882841796875
97.9988589954373 231.446701171875
0 15.1368095703125
48.9994294977187 232.42326953125
0 17.0899462890625
783.990871963498 62.500375
0 0
698.456462866008 62.500375
0 3.9062734375
87.307057858251 121.0944765625
0 0.4882841796875
87.307057858251 89.3560048828125
0 37.10959765625
87.307057858251 231.446701171875
0 15.1368095703125
87.307057858251 233.888122070313
0 15.1368095703125
987.766602512248 62.500375
0 0
932.32752303618 62.500375
0 3.9062734375
830.60939515989 4.882841796875
0 0.4882841796875
87.307057858251 29.29705078125
0 217.286459960937
87.307057858251 231.446701171875
0 15.1368095703125
783.990871963498 62.500375
0 0
698.456462866008 47.3635654296875
0 17.0899462890625
65.4063913251497 27.3439140625
0 115.723350585938
698.456462866008 106.445951171875
0 15.1368095703125
97.9988589954373 121.0944765625
0 0.4882841796875
97.9988589954373 125.977318359375
0 0.4882841796875
97.9988589954373 246.0952265625
0 0.4882841796875
97.9988589954373 248.536647460938
0 0.4882841796875
97.9988589954373 248.536647460938
0 0.4882841796875
97.9988589954373 246.0952265625
0 0.4882841796875
97.9988589954373 231.446701171875
0 15.1368095703125
48.9994294977187 232.42326953125
0 17.0899462890625
65.4063913251497 249.513215820313
0 15.1368095703125
97.9988589954373 121.0944765625
0 0.4882841796875
97.9988589954373 125.977318359375
0 0.4882841796875
1108.73052390749 62.500375
0 0
1046.50226120239 62.500375
0 3.9062734375
932.32752303618 6.835978515625
0 0.4882841796875
97.9988589954373 29.29705078125
0 219.727880859375
932.32752303618 62.500375
0 0
830.60939515989 62.500375
0 3.9062734375
783.990871963498 4.882841796875
0 0.4882841796875
97.9988589954373 29.29705078125
0 217.286459960937
97.9988589954373 231.446701171875
0 15.1368095703125
48.9994294977187 232.42326953125
0 15.1368095703125
783.990871963498 8.789115234375
0 180.665146484375
97.9988589954373 121.0944765625
0 0.4882841796875
97.9988589954373 125.977318359375
0 0.4882841796875
97.9988589954373 246.0952265625
0 0.4882841796875
97.9988589954373 238.770963867188
0 10.2539677734375
97.9988589954373 248.536647460938
0 0.4882841796875
97.9988589954373 246.0952265625
0 0.4882841796875
97.9988589954373 117.676487304688
0 7.812546875
554.365261953744 105.957666992188
0 15.1368095703125
48.9994294977187 113.2819296875
0 7.812546875
783.990871963498 111.32879296875
0 17.0899462890625
58.2704701897612 249.513215820313
0 15.1368095703125
830.60939515989 12.695388671875
0 0.4882841796875
87.307057858251 49.3167021484375
0 0
783.990871963498 62.500375
0 3.9062734375
698.456462866008 10.2539677734375
0 0.4882841796875
87.307057858251 29.29705078125
0 217.286459960937
698.456462866008 9.76568359375
0 0.4882841796875
87.307057858251 29.29705078125
0 38.086166015625
554.365261953744 172.364315429688
0 9.2773994140625
87.307057858251 231.446701171875
0 15.1368095703125
698.456462866008 62.500375
0 0
659.25511382574 49.804986328125
0 15.1368095703125
48.9994294977187 29.29705078125
0 93.2622783203125
523.251130601197 62.500375
0 0
466.16376151809 47.3635654296875
0 17.0899462890625
65.4063913251497 27.3439140625
0 237.306111328125
97.9988589954373 121.0944765625
0 0.4882841796875
97.9988589954373 125.977318359375
0 0.4882841796875
97.9988589954373 246.0952265625
0 0.4882841796875
97.9988589954373 248.536647460938
0 0.4882841796875
130.812782650299 112.793645507813
0 7.812546875
97.9988589954373 113.2819296875
0 7.812546875
195.997717990875 117.676487304688
0 7.812546875
97.9988589954373 231.446701171875
0 15.1368095703125
48.9994294977187 29.29705078125
0 220.216165039063
65.4063913251497 135.254717773438
0 7.812546875
58.2704701897612 113.770213867187
0 7.812546875
65.4063913251497 113.770213867187
0 7.812546875
77.7817459305202 357.912303710938
0 15.1368095703125
87.307057858251 113.2819296875
0 7.812546875
77.7817459305202 120.117908203125
0 7.812546875
87.307057858251 120.606192382812
0 7.812546875
97.9988589954373 366.701418945313
0 0.4882841796875
116.540940379522 117.676487304688
0 7.812546875
97.9988589954373 113.2819296875
0 7.812546875
116.540940379522 113.2819296875
0 7.812546875
130.812782650299 126.465602539063
0 145.020401367188
65.4063913251497 113.770213867187
0 7.812546875
130.812782650299 232.911553710938
0 15.1368095703125
523.251130601197 62.500375
0 0
493.883301256124 58.5941015625
0 7.812546875
77.7817459305202 29.29705078125
0 91.79742578125
87.307057858251 112.793645507813
0 15.1368095703125
415.304697579945 13.1836728515625
0 0.4882841796875
87.307057858251 48.82841796875
0 0
391.995435981749 62.500375
0 3.9062734375
65.4063913251497 29.29705078125
0 217.286459960937
58.2704701897612 117.676487304688
0 7.812546875
61.7354126570155 105.957666992188
0 15.1368095703125
65.4063913251497 232.42326953125
0 17.0899462890625
65.4063913251497 135.254717773438
0 7.812546875
130.812782650299 113.770213867187
0 7.812546875
65.4063913251497 113.770213867187
0 7.812546875
58.2704701897612 118.653055664063
0 7.812546875
65.4063913251497 118.164771484375
0 7.812546875
77.7817459305202 369.14283984375
0 0.4882841796875
87.307057858251 120.606192382812
0 7.812546875
77.7817459305202 112.793645507813
0 7.812546875
87.307057858251 113.2819296875
0 7.812546875
97.9988589954373 356.935735351563
0 15.1368095703125
116.540940379522 113.2819296875
0 7.812546875
97.9988589954373 118.653055664063
0 9.76568359375
116.540940379522 135.254717773438
0 7.812546875
130.812782650299 228.028711914063
0 15.1368095703125
155.56349186104 244.630374023438
0 7.812546875
174.614115716502 226.563859375
0 15.1368095703125
110 120.117908203125
0 7.812546875
174.614115716502 6.835978515625
0 54.687828125
155.56349186104 6.835978515625
0 113.770213867187
174.614115716502 231.446701171875
0 15.1368095703125
155.56349186104 117.676487304688
0 7.812546875
130.812782650299 113.2819296875
0 7.812546875
116.540940379522 232.42326953125
0 17.0899462890625
65.4063913251497 135.254717773438
0 7.812546875
58.2704701897612 113.770213867187
0 7.812546875
65.4063913251497 113.770213867187
0 7.812546875
77.7817459305202 357.912303710938
0 15.1368095703125
87.307057858251 113.2819296875
0 7.812546875
77.7817459305202 120.117908203125
0 7.812546875
87.307057858251 120.606192382812
0 7.812546875
97.9988589954373 366.701418945313
0 0.4882841796875
116.540940379522 117.676487304688
0 7.812546875
97.9988589954373 113.2819296875
0 7.812546875
116.540940379522 113.2819296875
0 7.812546875
293.664767917408 3.4179892578125
0 27.8321982421875
261.625565300599 3.4179892578125
0 27.8321982421875
293.664767917408 3.4179892578125
0 27.8321982421875
391.995435981749 3.4179892578125
0 16.601662109375
440 3.4179892578125
0 27.8321982421875
391.995435981749 3.4179892578125
0 27.8321982421875
440 3.4179892578125
0 27.8321982421875
739.988845423269 3.4179892578125
0 13.1836728515625
783.990871963498 9.76568359375
0 73.242626953125
739.988845423269 9.76568359375
0 73.242626953125
783.990871963498 0.4882841796875
0 15.1368095703125
739.988845423269 9.76568359375
0 73.242626953125
783.990871963498 9.76568359375
0 75.195763671875
739.988845423269 9.76568359375
0 1.4648525390625
783.990871963498 7.3242626953125
0 55.1761123046875
739.988845423269 7.3242626953125
0 0
783.990871963498 7.3242626953125
0 55.1761123046875
739.988845423269 7.3242626953125
0 55.1761123046875
783.990871963498 7.3242626953125
0 55.1761123046875
739.988845423269 7.3242626953125
0 6.3476943359375
783.990871963498 7.3242626953125
0 64.45351171875
65.4063913251497 113.2819296875
0 7.812546875
554.365261953744 110.352224609375
0 15.1368095703125
554.365261953744 6.835978515625
0 54.1995439453125
61.7354126570155 6.835978515625
0 53.711259765625
466.16376151809 6.835978515625
0 53.711259765625
65.4063913251497 113.2819296875
0 7.812546875
554.365261953744 111.32879296875
0 17.0899462890625
130.812782650299 135.254717773438
0 7.812546875
123.470825314031 113.770213867187
0 7.812546875
103.826174394986 113.770213867187
0 7.812546875
97.9988589954373 244.630374023438
0 7.812546875
103.826174394986 112.793645507813
0 7.812546875
97.9988589954373 113.2819296875
0 7.812546875
87.307057858251 248.536647460938
0 7.812546875
82.4068892282175 112.793645507813
0 7.812546875
69.295657744218 113.2819296875
0 7.812546875
65.4063913251497 619.14433984375
0 2.4414208984375
97.9988589954373 249.513215820313
0 15.1368095703125
195.997717990875 113.770213867187
0 7.812546875
698.456462866008 111.32879296875
0 15.1368095703125
77.7817459305202 118.164771484375
0 7.812546875
698.456462866008 105.4693828125
0 15.1368095703125
155.56349186104 113.2819296875
0 7.812546875
698.456462866008 112.793645507813
0 15.1368095703125
87.307057858251 120.606192382812
0 7.812546875
1244.50793488832 105.4693828125
0 15.1368095703125
174.614115716502 113.2819296875
0 7.812546875
1244.50793488832 110.352224609375
0 15.1368095703125
58.2704701897612 117.676487304688
0 7.812546875
1244.50793488832 105.957666992188
0 15.1368095703125
116.540940379522 113.2819296875
0 7.812546875
2489.01586977665 111.32879296875
0 17.0899462890625
65.4063913251497 249.513215820313
0 15.1368095703125
97.9988589954373 113.770213867187
0 7.812546875
97.9988589954373 118.653055664063
0 7.812546875
97.9988589954373 231.446701171875
0 15.1368095703125
97.9988589954373 113.2819296875
0 7.812546875
830.60939515989 120.117908203125
0 7.812546875
97.9988589954373 233.888122070313
0 15.1368095703125
830.60939515989 62.500375
0 0
783.990871963498 62.500375
0 3.9062734375
698.456462866008 1.4648525390625
0 0.4882841796875
97.9988589954373 29.29705078125
0 217.286459960937
48.9994294977187 113.2819296875
0 7.812546875
698.456462866008 111.32879296875
0 17.0899462890625
65.4063913251497 249.513215820313
0 15.1368095703125
97.9988589954373 113.770213867187
0 7.812546875
97.9988589954373 118.653055664063
0 7.812546875
97.9988589954373 231.446701171875
0 15.1368095703125
880 62.500375
0 0
830.60939515989 62.500375
0 3.9062734375
783.990871963498 5.85941015625
0 0.4882841796875
97.9988589954373 29.29705078125
0 219.727880859375
97.9988589954373 246.0952265625
0 0.4882841796875
97.9988589954373 231.446701171875
0 15.1368095703125
830.60939515989 62.500375
0 0
880 47.3635654296875
0 17.0899462890625
58.2704701897612 27.3439140625
0 237.306111328125
87.307057858251 113.770213867187
0 7.812546875
87.307057858251 118.653055664063
0 7.812546875
87.307057858251 246.0952265625
0 0.4882841796875
87.307057858251 248.536647460938
0 0.4882841796875
87.307057858251 233.888122070313
0 15.1368095703125
87.307057858251 113.2819296875
0 7.812546875
783.990871963498 117.676487304688
0 7.812546875
87.307057858251 231.446701171875
0 15.1368095703125
48.9994294977187 232.42326953125
0 17.0899462890625
698.456462866008 62.500375
0 0
659.25511382574 62.500375
0 3.9062734375
97.9988589954373 29.29705078125
0 79.102037109375
659.25511382574 12.695388671875
0 0.4882841796875
97.9988589954373 49.3167021484375
0 0
554.365261953744 62.500375
0 3.9062734375
523.251130601197 10.2539677734375
0 0.4882841796875
97.9988589954373 29.29705078125
0 81.055173828125
554.365261953744 62.500375
0 0
523.251130601197 62.500375
0 3.9062734375
466.16376151809 6.835978515625
0 0.4882841796875
97.9988589954373 29.29705078125
0 84.4731630859375
523.251130601197 62.500375
0 0
554.365261953744 62.500375
0 3.9062734375
523.251130601197 5.85941015625
0 0.4882841796875
97.9988589954373 29.29705078125
0 219.727880859375
97.9988589954373 246.0952265625
0 0.4882841796875
97.9988589954373 231.446701171875
0 15.1368095703125
48.9994294977187 232.42326953125
0 17.0899462890625
65.4063913251497 249.513215820313
0 15.1368095703125
97.9988589954373 121.0944765625
0 0.4882841796875
97.9988589954373 111.32879296875
0 15.1368095703125
97.9988589954373 231.446701171875
0 15.1368095703125
97.9988589954373 233.888122070313
0 15.1368095703125
1046.50226120239 62.500375
0 0
987.766602512248 62.500375
0 3.9062734375
830.60939515989 4.882841796875
0 0.4882841796875
97.9988589954373 29.29705078125
0 217.286459960937
830.60939515989 62.500375
0 0
783.990871963498 49.804986328125
0 15.1368095703125
48.9994294977187 29.29705078125
0 218.263028320312
783.990871963498 9.2773994140625
0 179.200293945313
97.9988589954373 121.0944765625
0 0.4882841796875
97.9988589954373 111.817077148438
0 14.648525390625
97.9988589954373 246.0952265625
0 0.4882841796875
97.9988589954373 248.536647460938
0 0.4882841796875
97.9988589954373 248.536647460938
0 0.4882841796875
97.9988589954373 246.0952265625
0 0.4882841796875
97.9988589954373 231.446701171875
0 15.1368095703125
48.9994294977187 232.42326953125
0 17.0899462890625
58.2704701897612 249.513215820313
0 15.1368095703125
87.307057858251 121.0944765625
0 0.4882841796875
87.307057858251 125.977318359375
0 0.4882841796875
87.307057858251 246.0952265625
0 0.4882841796875
87.307057858251 248.536647460938
0 0.4882841796875
87.307057858251 248.536647460938
0 0.4882841796875
87.307057858251 246.0952265625
0 0.4882841796875
87.307057858251 231.446701171875
0 15.1368095703125
587.329535834815 62.500375
0 0
554.365261953744 47.3635654296875
0 17.0899462890625
65.4063913251497 17.0899462890625
0 247.560079101563
97.9988589954373 121.0944765625
0 0.4882841796875
97.9988589954373 125.977318359375
0 0.4882841796875
97.9988589954373 246.0952265625
0 0.4882841796875
116.540940379522 14.648525390625
0 113.770213867187
130.812782650299 112.793645507813
0 7.812546875
87.307057858251 113.2819296875
0 7.812546875
77.7817459305202 117.676487304688
0 1.95313671875
97.9988589954373 9.2773994140625
0 43.945576171875
48.9994294977187 113.2819296875
0 7.812546875
58.2704701897612 113.2819296875
0 7.812546875
61.7354126570155 118.653055664063
