0 64231.5789473684
1479.97769084654 378.947368421053
0 0
369.994422711634 63.1578947368421
0 63.1578947368421
277.182630976872 126.315789473684
0 126.315789473684
369.994422711634 126.315789473684
0 126.315789473684
369.994422711634 315.789473684211
0 63.1578947368421
415.304697579945 63.1578947368421
0 63.1578947368421
440 63.1578947368421
0 63.1578947368421
440 63.1578947368421
0 63.1578947368421
369.994422711634 126.315789473684
0 126.315789473684
369.994422711634 189.473684210526
0 63.1578947368421
369.994422711634 63.1578947368421
0 63.1578947368421
440 63.1578947368421
0 63.1578947368421
415.304697579945 126.315789473684
0 126.315789473684
329.62755691287 126.315789473684
0 126.315789473684
329.62755691287 126.315789473684
0 126.315789473684
329.62755691287 126.315789473684
0 126.315789473684
415.304697579945 63.1578947368421
0 63.1578947368421
415.304697579945 63.1578947368421
0 63.1578947368421
369.994422711634 126.315789473684
0 126.315789473684
369.994422711634 315.789473684211
0 63.1578947368421
369.994422711634 63.1578947368421
0 63.1578947368421
277.182630976872 126.315789473684
0 126.315789473684
369.994422711634 126.315789473684
0 126.315789473684
369.994422711634 315.789473684211
0 63.1578947368421
415.304697579945 63.1578947368421
0 63.1578947368421
440 126.315789473684
0 126.315789473684
369.994422711634 63.1578947368421
0 63.1578947368421
369.994422711634 189.473684210526
0 63.1578947368421
369.994422711634 63.1578947368421
0 63.1578947368421
369.994422711634 63.1578947368421
0 63.1578947368421
440 63.1578947368421
0 63.1578947368421
554.365261953744 63.1578947368421
0 63.1578947368421
554.365261953744 63.1578947368421
0 63.1578947368421
554.365261953744 63.1578947368421
0 63.1578947368421
493.883301256124 63.1578947368421
0 63.1578947368421
440 126.315789473684
0 126.315789473684
415.304697579945 126.315789473684
0 126.315789473684
440 126.315789473684
0 126.315789473684
369.994422711634 63.1578947368421
0 63.1578947368421
369.994422711634 63.1578947368421
0 63.1578947368421
369.994422711634 189.473684210526
0 63.1578947368421
369.994422711634 63.1578947368421
0 63.1578947368421
440 63.1578947368421
0 63.1578947368421
554.365261953744 126.315789473684
0 126.315789473684
554.365261953744 126.315789473684
0 126.315789473684
493.883301256124 126.315789473684
0 126.315789473684
440 126.315789473684
0 126.315789473684
415.304697579945 189.473684210526
0 63.1578947368421
329.62755691287 63.1578947368421
0 63.1578947368421
329.62755691287 63.1578947368421
0 63.1578947368421
329.62755691287 189.473684210526
0 63.1578947368421
329.62755691287 63.1578947368421
0 63.1578947368421
415.304697579945 63.1578947368421
0 63.1578947368421
493.883301256124 63.1578947368421
0 63.1578947368421
493.883301256124 63.1578947368421
0 63.1578947368421
493.883301256124 63.1578947368421
0 63.1578947368421
493.883301256124 63.1578947368421
0 63.1578947368421
440 63.1578947368421
0 63.1578947368421
440 63.1578947368421
0 63.1578947368421
415.304697579945 63.1578947368421
0 63.1578947368421
415.304697579945 63.1578947368421
0 63.1578947368421
440 189.473684210526
0 63.1578947368421
369.994422711634 63.1578947368421
0 63.1578947368421
369.994422711634 63.1578947368421
0 63.1578947368421
369.994422711634 315.789473684211
0 63.1578947368421
369.994422711634 63.1578947368421
0 63.1578947368421
554.365261953744 126.315789473684
0 126.315789473684
554.365261953744 126.315789473684
0 126.315789473684
493.883301256124 126.315789473684
0 126.315789473684
440 126.315789473684
0 126.315789473684
415.304697579945 126.315789473684
0 126.315789473684
329.62755691287 63.1578947368421
0 63.1578947368421
329.62755691287 63.1578947368421
0 63.1578947368421
329.62755691287 189.473684210526
0 63.1578947368421
329.62755691287 63.1578947368421
0 63.1578947368421
415.304697579945 63.1578947368421
0 63.1578947368421
493.883301256124 63.1578947368421
0 63.1578947368421
493.883301256124 63.1578947368421
0 63.1578947368421
493.883301256124 63.1578947368421
0 63.1578947368421
493.883301256124 63.1578947368421
0 63.1578947368421
440 126.315789473684
0 126.315789473684
415.304697579945 126.315789473684
0 126.315789473684
369.994422711634 126.315789473684
