0 8147.36842105263
92.4986056779086 252.631578947368
0 252.631578947368
69.295657744218 252.631578947368
0 252.631578947368
92.4986056779086 252.631578947368
0 252.631578947368
69.295657744218 252.631578947368
0 0
82.4068892282175 252.631578947368
0 0
92.4986056779086 252.631578947368
0 252.631578947368
69.295657744218 252.631578947368
0 252.631578947368
92.4986056779086 252.631578947368
0 252.631578947368
69.295657744218 252.631578947368
0 0
82.4068892282175 252.631578947368
0 0
92.4986056779086 252.631578947368
0 252.631578947368
69.295657744218 252.631578947368
0 252.631578947368
92.4986056779086 252.631578947368
0 252.631578947368
69.295657744218 252.631578947368
0 0
82.4068892282175 252.631578947368
0 0
92.4986056779086 252.631578947368
0 252.631578947368
69.295657744218 252.631578947368
0 252.631578947368
92.4986056779086 252.631578947368
0 757.894736842105
92.4986056779086 252.631578947368
0 252.631578947368
69.295657744218 252.631578947368
0 0
82.4068892282175 252.631578947368
0 0
92.4986056779086 252.631578947368
0 252.631578947368
69.295657744218 252.631578947368
0 0
82.4068892282175 252.631578947368
0 0
69.295657744218 252.631578947368
0 252.631578947368
82.4068892282175 252.631578947368
0 0
69.295657744218 252.631578947368
0 0
92.4986056779086 252.631578947368
0 252.631578947368
69.295657744218 252.631578947368
0 0
82.4068892282175 252.631578947368
0 0
92.4986056779086 252.631578947368
0 252.631578947368
69.295657744218 252.631578947368
0 0
82.4068892282175 252.631578947368
0 0
92.4986056779086 252.631578947368
0 252.631578947368
69.295657744218 252.631578947368
0 0
82.4068892282175 252.631578947368
0 0
69.295657744218 252.631578947368
0 252.631578947368
82.4068892282175 252.631578947368
0 0
69.295657744218 252.631578947368
0 0
92.4986056779086 252.631578947368
0 252.631578947368
69.295657744218 252.631578947368
0 0
82.4068892282175 63.1578947368421
0 189.473684210526
92.4986056779086 252.631578947368
0 252.631578947368
69.295657744218 252.631578947368
0 0
82.4068892282175 252.631578947368
0 0
69.295657744218 252.631578947368
0 252.631578947368
69.295657744218 252.631578947368
0 0
82.4068892282175 252.631578947368
0 0
69.295657744218 252.631578947368
0 252.631578947368
82.4068892282175 252.631578947368
0 0
69.295657744218 252.631578947368
0 0
92.4986056779086 252.631578947368
0 252.631578947368
69.295657744218 252.631578947368
0 0
82.4068892282175 252.631578947368
0 0
92.4986056779086 252.631578947368
0 252.631578947368
69.295657744218 252.631578947368
0 0
82.4068892282175 252.631578947368
0 0
69.295657744218 252.631578947368
0 252.631578947368
69.295657744218 252.631578947368
0 0
82.4068892282175 252.631578947368
0 0
69.295657744218 252.631578947368
0 252.631578947368
82.4068892282175 252.631578947368
0 0
69.295657744218 252.631578947368
0 0
92.4986056779086 252.631578947368
0 757.894736842105
92.4986056779086 252.631578947368
0 252.631578947368
69.295657744218 252.631578947368
0 0
82.4068892282175 252.631578947368
0 0
92.4986056779086 252.631578947368
0 252.631578947368
69.295657744218 252.631578947368
0 0
82.4068892282175 252.631578947368
0 0
69.295657744218 252.631578947368
0 252.631578947368
82.4068892282175 252.631578947368
0 0
69.295657744218 252.631578947368
0 0
92.4986056779086 252.631578947368
0 252.631578947368
69.295657744218 252.631578947368
0 0
82.4068892282175 252.631578947368
0 0
92.4986056779086 252.631578947368
0 252.631578947368
69.295657744218 252.631578947368
0 0
82.4068892282175 252.631578947368
0 0
92.4986056779086 252.631578947368
0 252.631578947368
69.295657744218 252.631578947368
0 0
82.4068892282175 252.631578947368
0 0
69.295657744218 252.631578947368
0 252.631578947368
82.4068892282175 252.631578947368
0 0
69.295657744218 252.631578947368
0 0
92.4986056779086 252.631578947368
0 252.631578947368
69.295657744218 252.631578947368
0 0
82.4068892282175 63.1578947368421
0 189.473684210526
92.4986056779086 252.631578947368
0 252.631578947368
69.295657744218 252.631578947368
0 0
82.4068892282175 252.631578947368
0 0
69.295657744218 252.631578947368
0 252.631578947368
69.295657744218 252.631578947368
0 0
82.4068892282175 252.631578947368
0 0
69.295657744218 252.631578947368
0 252.631578947368
82.4068892282175 252.631578947368
0 0
69.295657744218 252.631578947368
0 0
92.4986056779086 252.631578947368
0 252.631578947368
69.295657744218 252.631578947368
0 0
82.4068892282175 252.631578947368
0 0
92.4986056779086 252.631578947368
0 252.631578947368
69.295657744218 252.631578947368
0 0
82.4068892282175 252.631578947368
0 0
69.295657744218 252.631578947368
0 252.631578947368
69.295657744218 252.631578947368
0 0
82.4068892282175 252.631578947368
0 0
69.295657744218 252.631578947368
0 252.631578947368
82.4068892282175 252.631578947368
0 0
69.295657744218 252.631578947368
0 0
92.4986056779086 252.631578947368
0 631.578947368421
739.988845423269 63.1578947368421
0 63.1578947368421
554.365261953744 126.315789473684
0 126.315789473684
739.988845423269 126.315789473684
0 126.315789473684
739.988845423269 315.789473684211
0 63.1578947368421
830.60939515989 63.1578947368421
0 63.1578947368421
880 63.1578947368421
0 63.1578947368421
880 63.1578947368421
0 63.1578947368421
739.988845423269 126.315789473684
0 126.315789473684
739.988845423269 189.473684210526
0 63.1578947368421
739.988845423269 63.1578947368421
0 63.1578947368421
880 63.1578947368421
0 63.1578947368421
830.60939515989 126.315789473684
0 126.315789473684
659.25511382574 126.315789473684
0 126.315789473684
659.25511382574 126.315789473684
0 126.315789473684
659.25511382574 126.315789473684
0 126.315789473684
830.60939515989 63.1578947368421
0 63.1578947368421
830.60939515989 63.1578947368421
0 63.1578947368421
739.988845423269 126.315789473684
0 126.315789473684
739.988845423269 315.789473684211
0 63.1578947368421
739.988845423269 63.1578947368421
0 63.1578947368421
554.365261953744 126.315789473684
0 126.315789473684
739.988845423269 126.315789473684
0 126.315789473684
739.988845423269 315.789473684211
0 63.1578947368421
830.60939515989 63.1578947368421
0 63.1578947368421
880 126.315789473684
0 126.315789473684
739.988845423269 63.1578947368421
0 63.1578947368421
739.988845423269 189.473684210526
0 63.1578947368421
739.988845423269 63.1578947368421
0 63.1578947368421
739.988845423269 63.1578947368421
0 63.1578947368421
880 63.1578947368421
0 63.1578947368421
1108.73052390749 63.1578947368421
0 63.1578947368421
1108.73052390749 63.1578947368421
0 63.1578947368421
1108.73052390749 63.1578947368421
0 63.1578947368421
987.766602512248 63.1578947368421
0 63.1578947368421
880 126.315789473684
0 126.315789473684
830.60939515989 126.315789473684
0 126.315789473684
880 126.315789473684
0 126.315789473684
739.988845423269 63.1578947368421
0 63.1578947368421
739.988845423269 63.1578947368421
0 63.1578947368421
739.988845423269 189.473684210526
0 63.1578947368421
739.988845423269 63.1578947368421
0 63.1578947368421
880 63.1578947368421
0 63.1578947368421
92.4986056779086 126.315789473684
0 126.315789473684
1108.73052390749 126.315789473684
0 126.315789473684
69.295657744218 126.315789473684
0 126.315789473684
82.4068892282175 126.315789473684
0 126.315789473684
69.295657744218 189.473684210526
0 63.1578947368421
659.25511382574 63.1578947368421
0 63.1578947368421
659.25511382574 63.1578947368421
0 63.1578947368421
69.295657744218 189.473684210526
0 63.1578947368421
82.4068892282175 63.1578947368421
0 63.1578947368421
830.60939515989 63.1578947368421
0 63.1578947368421
69.295657744218 63.1578947368421
0 63.1578947368421
987.766602512248 63.1578947368421
0 63.1578947368421
987.766602512248 63.1578947368421
0 63.1578947368421
987.766602512248 63.1578947368421
0 63.1578947368421
82.4068892282175 63.1578947368421
0 63.1578947368421
880 63.1578947368421
0 63.1578947368421
69.295657744218 63.1578947368421
0 63.1578947368421
830.60939515989 63.1578947368421
0 63.1578947368421
92.4986056779086 189.473684210526
0 63.1578947368421
739.988845423269 63.1578947368421
0 63.1578947368421
739.988845423269 63.1578947368421
0 63.1578947368421
69.295657744218 252.631578947368
0 0
82.4068892282175 63.1578947368421
0 63.1578947368421
739.988845423269 63.1578947368421
0 63.1578947368421
92.4986056779086 126.315789473684
0 126.315789473684
1108.73052390749 126.315789473684
0 126.315789473684
69.295657744218 126.315789473684
0 126.315789473684
82.4068892282175 126.315789473684
0 126.315789473684
69.295657744218 126.315789473684
0 126.315789473684
659.25511382574 63.1578947368421
0 63.1578947368421
659.25511382574 63.1578947368421
0 63.1578947368421
69.295657744218 189.473684210526
0 63.1578947368421
82.4068892282175 63.1578947368421
0 63.1578947368421
830.60939515989 63.1578947368421
0 63.1578947368421
69.295657744218 63.1578947368421
0 63.1578947368421
987.766602512248 63.1578947368421
0 63.1578947368421
987.766602512248 63.1578947368421
0 63.1578947368421
987.766602512248 63.1578947368421
0 63.1578947368421
82.4068892282175 63.1578947368421
0 63.1578947368421
880 63.1578947368421
0 63.1578947368421
69.295657744218 63.1578947368421
0 63.1578947368421
830.60939515989 63.1578947368421
0 63.1578947368421
92.4986056779086 189.473684210526
0 63.1578947368421
739.988845423269 63.1578947368421
0 63.1578947368421
739.988845423269 63.1578947368421
0 63.1578947368421
739.988845423269 252.631578947368
0 126.315789473684
739.988845423269 63.1578947368421
0 63.1578947368421
92.4986056779086 126.315789473684
0 126.315789473684
739.988845423269 126.315789473684
0 126.315789473684
69.295657744218 252.631578947368
0 0
82.4068892282175 63.1578947368421
0 63.1578947368421
830.60939515989 63.1578947368421
0 63.1578947368421
92.4986056779086 63.1578947368421
0 63.1578947368421
880 63.1578947368421
0 63.1578947368421
739.988845423269 126.315789473684
0 126.315789473684
69.295657744218 189.473684210526
0 63.1578947368421
82.4068892282175 63.1578947368421
0 63.1578947368421
880 63.1578947368421
0 63.1578947368421
69.295657744218 126.315789473684
0 126.315789473684
659.25511382574 126.315789473684
0 126.315789473684
82.4068892282175 126.315789473684
0 126.315789473684
69.295657744218 126.315789473684
0 126.315789473684
92.4986056779086 63.1578947368421
0 63.1578947368421
830.60939515989 63.1578947368421
0 63.1578947368421
739.988845423269 126.315789473684
0 126.315789473684
69.295657744218 252.631578947368
0 0
82.4068892282175 63.1578947368421
0 63.1578947368421
739.988845423269 63.1578947368421
0 63.1578947368421
92.4986056779086 126.315789473684
0 126.315789473684
739.988845423269 126.315789473684
0 126.315789473684
69.295657744218 252.631578947368
0 0
82.4068892282175 63.1578947368421
0 63.1578947368421
830.60939515989 63.1578947368421
0 63.1578947368421
92.4986056779086 126.315789473684
0 126.315789473684
739.988845423269 63.1578947368421
0 63.1578947368421
69.295657744218 63.1578947368421
0 63.1578947368421
739.988845423269 63.1578947368421
0 63.1578947368421
82.4068892282175 63.1578947368421
0 63.1578947368421
880 63.1578947368421
0 63.1578947368421
69.295657744218 63.1578947368421
0 63.1578947368421
1108.73052390749 63.1578947368421
0 63.1578947368421
1108.73052390749 63.1578947368421
0 63.1578947368421
987.766602512248 63.1578947368421
0 63.1578947368421
82.4068892282175 126.315789473684
0 126.315789473684
69.295657744218 126.315789473684
0 126.315789473684
92.4986056779086 126.315789473684
0 126.315789473684
739.988845423269 63.1578947368421
0 63.1578947368421
739.988845423269 63.1578947368421
0 63.1578947368421
69.295657744218 189.473684210526
0 63.1578947368421
82.4068892282175 63.1578947368421
0 0
880 63.1578947368421
0 63.1578947368421
92.4986056779086 126.315789473684
0 126.315789473684
1108.73052390749 126.315789473684
0 126.315789473684
69.295657744218 126.315789473684
0 126.315789473684
82.4068892282175 126.315789473684
0 126.315789473684
69.295657744218 189.473684210526
0 63.1578947368421
659.25511382574 63.1578947368421
0 63.1578947368421
659.25511382574 63.1578947368421
0 63.1578947368421
69.295657744218 189.473684210526
0 63.1578947368421
82.4068892282175 63.1578947368421
0 63.1578947368421
830.60939515989 63.1578947368421
0 63.1578947368421
69.295657744218 63.1578947368421
0 63.1578947368421
987.766602512248 63.1578947368421
0 63.1578947368421
987.766602512248 63.1578947368421
0 63.1578947368421
987.766602512248 63.1578947368421
0 63.1578947368421
82.4068892282175 63.1578947368421
0 63.1578947368421
880 63.1578947368421
0 63.1578947368421
69.295657744218 63.1578947368421
0 63.1578947368421
830.60939515989 63.1578947368421
0 63.1578947368421
92.4986056779086 189.473684210526
0 63.1578947368421
739.988845423269 63.1578947368421
0 63.1578947368421
739.988845423269 63.1578947368421
0 63.1578947368421
69.295657744218 252.631578947368
0 0
82.4068892282175 63.1578947368421
0 63.1578947368421
739.988845423269 63.1578947368421
0 63.1578947368421
92.4986056779086 126.315789473684
0 126.315789473684
1108.73052390749 126.315789473684
0 126.315789473684
69.295657744218 126.315789473684
0 126.315789473684
82.4068892282175 126.315789473684
0 126.315789473684
69.295657744218 126.315789473684
0 126.315789473684
659.25511382574 63.1578947368421
0 63.1578947368421
659.25511382574 63.1578947368421
0 63.1578947368421
69.295657744218 189.473684210526
0 63.1578947368421
82.4068892282175 63.1578947368421
0 63.1578947368421
830.60939515989 63.1578947368421
0 63.1578947368421
69.295657744218 63.1578947368421
0 63.1578947368421
987.766602512248 63.1578947368421
0 63.1578947368421
987.766602512248 63.1578947368421
0 63.1578947368421
987.766602512248 63.1578947368421
0 63.1578947368421
82.4068892282175 126.315789473684
0 126.315789473684
69.295657744218 126.315789473684
0 126.315789473684
92.4986056779086 126.315789473684
0 17052.6315789474
92.4986056779086 252.631578947368
0 252.631578947368
69.295657744218 252.631578947368
0 0
82.4068892282175 252.631578947368
0 0
92.4986056779086 252.631578947368
0 252.631578947368
69.295657744218 252.631578947368
0 0
82.4068892282175 252.631578947368
0 0
69.295657744218 252.631578947368
0 252.631578947368
82.4068892282175 252.631578947368
0 0
69.295657744218 252.631578947368
0 0
92.4986056779086 252.631578947368
0 252.631578947368
69.295657744218 252.631578947368
0 0
82.4068892282175 252.631578947368
0 0
92.4986056779086 252.631578947368
0 252.631578947368
69.295657744218 252.631578947368
0 0
82.4068892282175 252.631578947368
0 0
92.4986056779086 252.631578947368
0 252.631578947368
69.295657744218 252.631578947368
0 0
82.4068892282175 252.631578947368
0 0
69.295657744218 252.631578947368
0 252.631578947368
82.4068892282175 252.631578947368
0 0
69.295657744218 252.631578947368
0 0
92.4986056779086 252.631578947368
0 252.631578947368
69.295657744218 252.631578947368
0 0
82.4068892282175 63.1578947368421
0 189.473684210526
92.4986056779086 252.631578947368
0 252.631578947368
69.295657744218 252.631578947368
0 0
82.4068892282175 252.631578947368
0 0
69.295657744218 252.631578947368
0 252.631578947368
69.295657744218 252.631578947368
0 0
82.4068892282175 252.631578947368
0 0
69.295657744218 252.631578947368
0 252.631578947368
82.4068892282175 252.631578947368
0 0
69.295657744218 252.631578947368
0 0
92.4986056779086 252.631578947368
0 252.631578947368
69.295657744218 252.631578947368
0 0
82.4068892282175 252.631578947368
0 0
92.4986056779086 252.631578947368
0 252.631578947368
69.295657744218 252.631578947368
0 0
82.4068892282175 252.631578947368
0 0
69.295657744218 252.631578947368
0 252.631578947368
69.295657744218 252.631578947368
0 0
82.4068892282175 252.631578947368
0 0
69.295657744218 252.631578947368
0 252.631578947368
82.4068892282175 252.631578947368
0 0
69.295657744218 252.631578947368
0 0
92.4986056779086 252.631578947368
0 757.894736842105
92.4986056779086 252.631578947368
0 252.631578947368
69.295657744218 252.631578947368
0 0
82.4068892282175 252.631578947368
0 0
92.4986056779086 252.631578947368
0 252.631578947368
69.295657744218 252.631578947368
0 0
82.4068892282175 252.631578947368
0 0
69.295657744218 252.631578947368
0 252.631578947368
82.4068892282175 252.631578947368
0 0
69.295657744218 252.631578947368
0 0
92.4986056779086 252.631578947368
0 252.631578947368
69.295657744218 252.631578947368
0 0
82.4068892282175 252.631578947368
0 0
92.4986056779086 252.631578947368
0 252.631578947368
69.295657744218 252.631578947368
0 0
82.4068892282175 252.631578947368
0 0
92.4986056779086 252.631578947368
0 252.631578947368
69.295657744218 252.631578947368
0 0
82.4068892282175 252.631578947368
0 0
69.295657744218 252.631578947368
0 252.631578947368
82.4068892282175 252.631578947368
0 0
69.295657744218 252.631578947368
0 0
92.4986056779086 252.631578947368
0 252.631578947368
69.295657744218 252.631578947368
0 0
82.4068892282175 63.1578947368421
0 189.473684210526
92.4986056779086 252.631578947368
0 252.631578947368
69.295657744218 252.631578947368
0 0
82.4068892282175 252.631578947368
0 0
69.295657744218 252.631578947368
0 252.631578947368
69.295657744218 252.631578947368
0 0
82.4068892282175 252.631578947368
0 0
69.295657744218 252.631578947368
0 252.631578947368
82.4068892282175 252.631578947368
0 0
69.295657744218 252.631578947368
0 0
92.4986056779086 252.631578947368
0 252.631578947368
69.295657744218 252.631578947368
0 0
82.4068892282175 252.631578947368
0 0
92.4986056779086 252.631578947368
0 252.631578947368
69.295657744218 252.631578947368
0 0
82.4068892282175 252.631578947368
0 0
69.295657744218 252.631578947368
0 252.631578947368
69.295657744218 252.631578947368
0 0
82.4068892282175 252.631578947368
0 0
69.295657744218 252.631578947368
0 252.631578947368
82.4068892282175 252.631578947368
0 0
69.295657744218 252.631578947368
0 0
92.4986056779086 252.631578947368
0 631.578947368421
739.988845423269 63.1578947368421
0 63.1578947368421
554.365261953744 126.315789473684
0 126.315789473684
739.988845423269 126.315789473684
0 126.315789473684
739.988845423269 315.789473684211
0 63.1578947368421
830.60939515989 63.1578947368421
0 63.1578947368421
880 63.1578947368421
0 63.1578947368421
880 63.1578947368421
0 63.1578947368421
739.988845423269 126.315789473684
0 126.315789473684
739.988845423269 189.473684210526
0 63.1578947368421
739.988845423269 63.1578947368421
0 63.1578947368421
880 63.1578947368421
0 63.1578947368421
830.60939515989 126.315789473684
0 126.315789473684
659.25511382574 126.315789473684
0 126.315789473684
659.25511382574 126.315789473684
0 126.315789473684
659.25511382574 126.315789473684
0 126.315789473684
830.60939515989 63.1578947368421
0 63.1578947368421
830.60939515989 63.1578947368421
0 63.1578947368421
739.988845423269 126.315789473684
0 126.315789473684
739.988845423269 315.789473684211
0 63.1578947368421
739.988845423269 63.1578947368421
0 63.1578947368421
554.365261953744 126.315789473684
0 126.315789473684
739.988845423269 126.315789473684
0 126.315789473684
739.988845423269 315.789473684211
0 63.1578947368421
830.60939515989 63.1578947368421
0 63.1578947368421
880 126.315789473684
0 126.315789473684
739.988845423269 63.1578947368421
0 63.1578947368421
739.988845423269 189.473684210526
0 63.1578947368421
739.988845423269 63.1578947368421
0 63.1578947368421
739.988845423269 63.1578947368421
0 63.1578947368421
880 63.1578947368421
0 63.1578947368421
1108.73052390749 63.1578947368421
0 63.1578947368421
1108.73052390749 63.1578947368421
0 63.1578947368421
1108.73052390749 63.1578947368421
0 63.1578947368421
987.766602512248 63.1578947368421
0 63.1578947368421
880 126.315789473684
0 126.315789473684
830.60939515989 126.315789473684
0 126.315789473684
880 126.315789473684
0 126.315789473684
739.988845423269 63.1578947368421
0 63.1578947368421
739.988845423269 63.1578947368421
0 63.1578947368421
739.988845423269 189.473684210526
0 63.1578947368421
739.988845423269 63.1578947368421
0 63.1578947368421
880 63.1578947368421
0 63.1578947368421
1108.73052390749 126.315789473684
0 126.315789473684
1108.73052390749 126.315789473684
0 126.315789473684
987.766602512248 126.315789473684
0 126.315789473684
880 126.315789473684
0 126.315789473684
830.60939515989 189.473684210526
0 63.1578947368421
659.25511382574 63.1578947368421
0 63.1578947368421
659.25511382574 63.1578947368421
0 63.1578947368421
659.25511382574 189.473684210526
0 63.1578947368421
659.25511382574 63.1578947368421
0 63.1578947368421
830.60939515989 63.1578947368421
0 63.1578947368421
987.766602512248 63.1578947368421
0 63.1578947368421
987.766602512248 63.1578947368421
0 63.1578947368421
987.766602512248 63.1578947368421
0 63.1578947368421
987.766602512248 63.1578947368421
0 63.1578947368421
880 63.1578947368421
0 63.1578947368421
880 63.1578947368421
0 63.1578947368421
830.60939515989 63.1578947368421
0 63.1578947368421
830.60939515989 63.1578947368421
0 63.1578947368421
880 189.473684210526
0 63.1578947368421
739.988845423269 63.1578947368421
0 63.1578947368421
739.988845423269 63.1578947368421
0 63.1578947368421
739.988845423269 315.789473684211
0 63.1578947368421
739.988845423269 63.1578947368421
0 63.1578947368421
1108.73052390749 126.315789473684
0 126.315789473684
1108.73052390749 126.315789473684
0 126.315789473684
987.766602512248 126.315789473684
0 126.315789473684
880 126.315789473684
0 126.315789473684
830.60939515989 126.315789473684
0 126.315789473684
659.25511382574 63.1578947368421
0 63.1578947368421
659.25511382574 63.1578947368421
0 63.1578947368421
659.25511382574 189.473684210526
0 63.1578947368421
659.25511382574 63.1578947368421
0 63.1578947368421
830.60939515989 63.1578947368421
0 63.1578947368421
987.766602512248 63.1578947368421
0 63.1578947368421
987.766602512248 63.1578947368421
0 63.1578947368421
987.766602512248 63.1578947368421
0 63.1578947368421
987.766602512248 63.1578947368421
0 63.1578947368421
880 63.1578947368421
0 63.1578947368421
880 63.1578947368421
0 63.1578947368421
830.60939515989 63.1578947368421
0 63.1578947368421
830.60939515989 63.1578947368421
0 63.1578947368421
880 189.473684210526
0 63.1578947368421
739.988845423269 63.1578947368421
0 63.1578947368421
739.988845423269 63.1578947368421
0 63.1578947368421
739.988845423269 378.947368421053
0 1136.84210526316
46.2493028389543 0
