0 8147.36842105263
65.4063913251497 505.263157894737
0 0
65.4063913251497 505.263157894737
0 0
65.4063913251497 505.263157894737
0 0
65.4063913251497 505.263157894737
0 0
65.4063913251497 505.263157894737
0 0
65.4063913251497 505.263157894737
0 0
65.4063913251497 505.263157894737
0 0
65.4063913251497 505.263157894737
0 0
65.4063913251497 505.263157894737
0 0
65.4063913251497 505.263157894737
0 0
65.4063913251497 505.263157894737
0 0
65.4063913251497 505.263157894737
0 0
65.4063913251497 505.263157894737
0 0
65.4063913251497 505.263157894737
0 0
65.4063913251497 1010.52631578947
0 0
65.4063913251497 505.263157894737
0 0
65.4063913251497 505.263157894737
0 0
65.4063913251497 505.263157894737
0 0
65.4063913251497 505.263157894737
0 0
65.4063913251497 505.263157894737
0 0
65.4063913251497 505.263157894737
0 0
65.4063913251497 505.263157894737
0 0
65.4063913251497 505.263157894737
0 0
65.4063913251497 505.263157894737
0 0
65.4063913251497 505.263157894737
0 0
65.4063913251497 505.263157894737
0 0
65.4063913251497 505.263157894737
0 0
65.4063913251497 505.263157894737
0 0
65.4063913251497 505.263157894737
0 0
65.4063913251497 505.263157894737
0 0
65.4063913251497 505.263157894737
0 0
65.4063913251497 505.263157894737
0 0
65.4063913251497 505.263157894737
0 0
65.4063913251497 505.263157894737
0 0
65.4063913251497 505.263157894737
0 0
65.4063913251497 505.263157894737
0 0
65.4063913251497 505.263157894737
0 0
65.4063913251497 505.263157894737
0 0
65.4063913251497 505.263157894737
0 0
65.4063913251497 505.263157894737
0 0
65.4063913251497 505.263157894737
0 0
65.4063913251497 505.263157894737
0 0
65.4063913251497 505.263157894737
0 0
65.4063913251497 505.263157894737
0 0
65.4063913251497 505.263157894737
0 0
65.4063913251497 1010.52631578947
0 0
65.4063913251497 505.263157894737
0 0
65.4063913251497 505.263157894737
0 0
65.4063913251497 505.263157894737
0 0
65.4063913251497 505.263157894737
0 0
65.4063913251497 505.263157894737
0 0
65.4063913251497 505.263157894737
0 0
65.4063913251497 505.263157894737
0 0
65.4063913251497 505.263157894737
0 0
65.4063913251497 505.263157894737
0 0
65.4063913251497 505.263157894737
0 0
65.4063913251497 505.263157894737
0 0
65.4063913251497 505.263157894737
0 0
65.4063913251497 505.263157894737
0 0
65.4063913251497 505.263157894737
0 0
65.4063913251497 505.263157894737
0 0
65.4063913251497 505.263157894737
0 0
65.4063913251497 505.263157894737
0 0
65.4063913251497 505.263157894737
0 0
65.4063913251497 505.263157894737
0 0
65.4063913251497 505.263157894737
0 0
65.4063913251497 505.263157894737
0 0
65.4063913251497 505.263157894737
0 0
65.4063913251497 505.263157894737
0 0
65.4063913251497 505.263157894737
0 0
65.4063913251497 505.263157894737
0 0
65.4063913251497 505.263157894737
0 0
65.4063913251497 505.263157894737
0 0
65.4063913251497 505.263157894737
0 0
65.4063913251497 505.263157894737
0 0
65.4063913251497 505.263157894737
0 0
65.4063913251497 9094.73684210526
0 0
65.4063913251497 505.263157894737
0 0
65.4063913251497 505.263157894737
0 0
65.4063913251497 505.263157894737
0 0
65.4063913251497 505.263157894737
0 0
65.4063913251497 505.263157894737
0 0
65.4063913251497 505.263157894737
0 0
65.4063913251497 505.263157894737
0 0
65.4063913251497 505.263157894737
0 0
65.4063913251497 505.263157894737
0 0
65.4063913251497 505.263157894737
0 0
65.4063913251497 505.263157894737
0 0
65.4063913251497 505.263157894737
0 0
65.4063913251497 505.263157894737
0 0
65.4063913251497 505.263157894737
0 0
65.4063913251497 1010.52631578947
0 0
65.4063913251497 505.263157894737
0 0
65.4063913251497 505.263157894737
0 0
65.4063913251497 505.263157894737
0 0
65.4063913251497 505.263157894737
0 0
65.4063913251497 505.263157894737
0 0
65.4063913251497 505.263157894737
0 0
65.4063913251497 505.263157894737
0 0
65.4063913251497 505.263157894737
0 0
65.4063913251497 505.263157894737
0 0
65.4063913251497 505.263157894737
0 0
65.4063913251497 505.263157894737
0 0
65.4063913251497 505.263157894737
0 0
65.4063913251497 505.263157894737
0 0
65.4063913251497 505.263157894737
0 0
65.4063913251497 505.263157894737
0 0
65.4063913251497 505.263157894737
0 0
65.4063913251497 505.263157894737
0 0
65.4063913251497 505.263157894737
0 0
65.4063913251497 505.263157894737
0 0
65.4063913251497 505.263157894737
0 0
65.4063913251497 505.263157894737
0 0
65.4063913251497 505.263157894737
0 0
65.4063913251497 505.263157894737
0 0
65.4063913251497 505.263157894737
0 0
65.4063913251497 505.263157894737
0 0
65.4063913251497 505.263157894737
0 0
65.4063913251497 505.263157894737
0 0
65.4063913251497 505.263157894737
0 0
65.4063913251497 505.263157894737
0 0
65.4063913251497 505.263157894737
0 0
65.4063913251497 17178.9473684211
0 0
65.4063913251497 505.263157894737
0 0
65.4063913251497 505.263157894737
0 0
65.4063913251497 505.263157894737
0 0
65.4063913251497 505.263157894737
0 0
65.4063913251497 505.263157894737
0 0
65.4063913251497 505.263157894737
0 0
65.4063913251497 505.263157894737
0 0
65.4063913251497 505.263157894737
0 0
65.4063913251497 505.263157894737
0 0
65.4063913251497 505.263157894737
0 0
65.4063913251497 505.263157894737
0 0
65.4063913251497 505.263157894737
0 0
65.4063913251497 505.263157894737
0 0
65.4063913251497 505.263157894737
0 0
65.4063913251497 505.263157894737
0 0
65.4063913251497 505.263157894737
0 0
65.4063913251497 505.263157894737
0 0
65.4063913251497 505.263157894737
0 0
65.4063913251497 505.263157894737
0 0
65.4063913251497 505.263157894737
0 0
65.4063913251497 505.263157894737
0 0
65.4063913251497 505.263157894737
0 0
65.4063913251497 505.263157894737
0 0
65.4063913251497 505.263157894737
0 0
65.4063913251497 505.263157894737
0 0
65.4063913251497 505.263157894737
0 0
65.4063913251497 505.263157894737
0 0
65.4063913251497 505.263157894737
0 0
65.4063913251497 505.263157894737
0 0
65.4063913251497 505.263157894737
0 0
65.4063913251497 1010.52631578947
0 0
65.4063913251497 505.263157894737
0 0
65.4063913251497 505.263157894737
0 0
65.4063913251497 505.263157894737
0 0
65.4063913251497 505.263157894737
0 0
65.4063913251497 505.263157894737
0 0
65.4063913251497 505.263157894737
0 0
65.4063913251497 505.263157894737
0 0
65.4063913251497 505.263157894737
0 0
65.4063913251497 505.263157894737
0 0
65.4063913251497 505.263157894737
0 0
65.4063913251497 505.263157894737
0 0
65.4063913251497 505.263157894737
0 0
65.4063913251497 505.263157894737
0 0
65.4063913251497 505.263157894737
0 0
65.4063913251497 505.263157894737
0 0
65.4063913251497 505.263157894737
0 0
65.4063913251497 505.263157894737
0 0
65.4063913251497 505.263157894737
0 0
65.4063913251497 505.263157894737
0 0
65.4063913251497 505.263157894737
0 0
65.4063913251497 505.263157894737
0 0
65.4063913251497 505.263157894737
0 0
65.4063913251497 505.263157894737
0 0
65.4063913251497 505.263157894737
0 0
65.4063913251497 505.263157894737
0 0
65.4063913251497 505.263157894737
0 0
65.4063913251497 505.263157894737
0 0
65.4063913251497 505.263157894737
0 0
65.4063913251497 505.263157894737
0 0
65.4063913251497 505.263157894737
0 0
65.4063913251497 0
