0 8652.63157894737
82.4068892282175 1010.52631578947
0 0
82.4068892282175 1010.52631578947
0 0
82.4068892282175 1010.52631578947
0 0
82.4068892282175 378.947368421053
0 0
82.4068892282175 631.578947368421
0 0
82.4068892282175 1010.52631578947
0 0
82.4068892282175 1010.52631578947
0 0
82.4068892282175 2021.05263157895
0 0
82.4068892282175 1010.52631578947
0 0
82.4068892282175 1010.52631578947
0 0
82.4068892282175 1010.52631578947
0 0
82.4068892282175 378.947368421053
0 0
82.4068892282175 631.578947368421
0 0
82.4068892282175 1010.52631578947
0 0
82.4068892282175 1010.52631578947
0 0
82.4068892282175 1010.52631578947
0 0
82.4068892282175 378.947368421053
0 0
82.4068892282175 631.578947368421
0 0
82.4068892282175 1010.52631578947
0 0
82.4068892282175 1010.52631578947
0 0
82.4068892282175 1010.52631578947
0 0
82.4068892282175 378.947368421053
0 0
82.4068892282175 631.578947368421
0 0
82.4068892282175 1010.52631578947
0 0
82.4068892282175 1010.52631578947
0 0
82.4068892282175 2021.05263157895
0 0
82.4068892282175 1010.52631578947
0 0
82.4068892282175 1010.52631578947
0 0
82.4068892282175 1010.52631578947
0 0
82.4068892282175 378.947368421053
0 0
82.4068892282175 631.578947368421
0 0
82.4068892282175 1010.52631578947
0 0
82.4068892282175 1010.52631578947
0 0
82.4068892282175 1010.52631578947
0 0
82.4068892282175 378.947368421053
0 0
82.4068892282175 631.578947368421
0 0
82.4068892282175 1010.52631578947
0 0
82.4068892282175 1010.52631578947
0 0
82.4068892282175 1010.52631578947
0 0
82.4068892282175 378.947368421053
0 0
82.4068892282175 631.578947368421
0 0
82.4068892282175 1010.52631578947
0 0
82.4068892282175 1010.52631578947
0 0
82.4068892282175 10105.2631578947
0 0
82.4068892282175 1010.52631578947
0 0
82.4068892282175 1010.52631578947
0 0
82.4068892282175 1010.52631578947
0 0
82.4068892282175 378.947368421053
0 0
82.4068892282175 631.578947368421
0 0
82.4068892282175 1010.52631578947
0 0
82.4068892282175 1010.52631578947
0 0
82.4068892282175 2021.05263157895
0 0
82.4068892282175 1010.52631578947
0 0
82.4068892282175 1010.52631578947
0 0
82.4068892282175 1010.52631578947
0 0
82.4068892282175 378.947368421053
0 0
82.4068892282175 631.578947368421
0 0
82.4068892282175 1010.52631578947
0 0
82.4068892282175 1010.52631578947
0 0
82.4068892282175 1010.52631578947
0 0
82.4068892282175 378.947368421053
0 0
82.4068892282175 631.578947368421
0 0
82.4068892282175 1010.52631578947
0 0
82.4068892282175 1010.52631578947
0 0
82.4068892282175 1010.52631578947
0 0
82.4068892282175 378.947368421053
0 0
82.4068892282175 631.578947368421
0 0
82.4068892282175 1010.52631578947
0 0
82.4068892282175 1010.52631578947
0 0
82.4068892282175 18189.4736842105
0 0
82.4068892282175 1010.52631578947
0 0
82.4068892282175 1010.52631578947
0 0
82.4068892282175 1010.52631578947
0 0
82.4068892282175 378.947368421053
0 0
82.4068892282175 631.578947368421
0 0
82.4068892282175 1010.52631578947
0 0
82.4068892282175 1010.52631578947
0 0
82.4068892282175 1010.52631578947
0 0
82.4068892282175 378.947368421053
0 0
82.4068892282175 631.578947368421
0 0
82.4068892282175 1010.52631578947
0 0
82.4068892282175 1010.52631578947
0 0
82.4068892282175 1010.52631578947
0 0
82.4068892282175 378.947368421053
0 0
82.4068892282175 631.578947368421
0 0
82.4068892282175 1010.52631578947
0 0
82.4068892282175 1010.52631578947
0 0
82.4068892282175 2021.05263157895
0 0
82.4068892282175 1010.52631578947
0 0
82.4068892282175 1010.52631578947
0 0
82.4068892282175 1010.52631578947
0 0
82.4068892282175 378.947368421053
0 0
82.4068892282175 631.578947368421
0 0
82.4068892282175 1010.52631578947
0 0
82.4068892282175 1010.52631578947
0 0
82.4068892282175 1010.52631578947
0 0
82.4068892282175 378.947368421053
0 0
82.4068892282175 631.578947368421
0 0
82.4068892282175 1010.52631578947
0 0
82.4068892282175 1010.52631578947
0 0
82.4068892282175 1010.52631578947
0 0
82.4068892282175 378.947368421053
0 0
82.4068892282175 631.578947368421
0 0
82.4068892282175 1010.52631578947
0 0
82.4068892282175 1010.52631578947
0 0
82.4068892282175 0
