0 8652.63157894737
77.7817459305202 1010.52631578947
0 0
77.7817459305202 1010.52631578947
0 0
77.7817459305202 1010.52631578947
0 0
77.7817459305202 378.947368421053
0 0
77.7817459305202 631.578947368421
0 0
77.7817459305202 1010.52631578947
0 0
77.7817459305202 1010.52631578947
0 0
77.7817459305202 2021.05263157895
0 0
77.7817459305202 1010.52631578947
0 0
77.7817459305202 1010.52631578947
0 0
77.7817459305202 1010.52631578947
0 0
77.7817459305202 378.947368421053
0 0
77.7817459305202 631.578947368421
0 0
77.7817459305202 1010.52631578947
0 0
77.7817459305202 1010.52631578947
0 0
77.7817459305202 1010.52631578947
0 0
77.7817459305202 378.947368421053
0 0
77.7817459305202 631.578947368421
0 0
77.7817459305202 1010.52631578947
0 0
77.7817459305202 1010.52631578947
0 0
77.7817459305202 1010.52631578947
0 0
77.7817459305202 378.947368421053
0 0
77.7817459305202 631.578947368421
0 0
77.7817459305202 1010.52631578947
0 0
77.7817459305202 1010.52631578947
0 0
77.7817459305202 2021.05263157895
0 0
77.7817459305202 1010.52631578947
0 0
77.7817459305202 1010.52631578947
0 0
77.7817459305202 1010.52631578947
0 0
77.7817459305202 378.947368421053
0 0
77.7817459305202 631.578947368421
0 0
77.7817459305202 1010.52631578947
0 0
77.7817459305202 1010.52631578947
0 0
77.7817459305202 1010.52631578947
0 0
77.7817459305202 378.947368421053
0 0
77.7817459305202 631.578947368421
0 0
77.7817459305202 1010.52631578947
0 0
77.7817459305202 1010.52631578947
0 0
77.7817459305202 1010.52631578947
0 0
77.7817459305202 378.947368421053
0 0
77.7817459305202 631.578947368421
0 0
77.7817459305202 1010.52631578947
0 0
77.7817459305202 11115.7894736842
0 0
77.7817459305202 1010.52631578947
0 0
77.7817459305202 1010.52631578947
0 0
77.7817459305202 1010.52631578947
0 0
77.7817459305202 378.947368421053
0 0
77.7817459305202 631.578947368421
0 0
77.7817459305202 1010.52631578947
0 0
77.7817459305202 1010.52631578947
0 0
77.7817459305202 2021.05263157895
0 0
77.7817459305202 1010.52631578947
0 0
77.7817459305202 1010.52631578947
0 0
77.7817459305202 1010.52631578947
0 0
77.7817459305202 378.947368421053
0 0
77.7817459305202 631.578947368421
0 0
77.7817459305202 1010.52631578947
0 0
77.7817459305202 1010.52631578947
0 0
77.7817459305202 1010.52631578947
0 0
77.7817459305202 378.947368421053
0 0
77.7817459305202 631.578947368421
0 0
77.7817459305202 1010.52631578947
0 0
77.7817459305202 1010.52631578947
0 0
77.7817459305202 1010.52631578947
0 0
77.7817459305202 378.947368421053
0 0
77.7817459305202 631.578947368421
0 0
77.7817459305202 1010.52631578947
0 0
77.7817459305202 1010.52631578947
0 0
77.7817459305202 18189.4736842105
0 0
77.7817459305202 1010.52631578947
0 0
77.7817459305202 1010.52631578947
0 0
77.7817459305202 1010.52631578947
0 0
77.7817459305202 378.947368421053
0 0
77.7817459305202 631.578947368421
0 0
77.7817459305202 1010.52631578947
0 0
77.7817459305202 1010.52631578947
0 0
77.7817459305202 1010.52631578947
0 0
77.7817459305202 378.947368421053
0 0
77.7817459305202 631.578947368421
0 0
77.7817459305202 1010.52631578947
0 0
77.7817459305202 1010.52631578947
0 0
77.7817459305202 1010.52631578947
0 0
77.7817459305202 378.947368421053
0 0
77.7817459305202 631.578947368421
0 0
77.7817459305202 1010.52631578947
0 0
77.7817459305202 1010.52631578947
0 0
77.7817459305202 2021.05263157895
0 0
77.7817459305202 1010.52631578947
0 0
77.7817459305202 1010.52631578947
0 0
77.7817459305202 1010.52631578947
0 0
77.7817459305202 378.947368421053
0 0
77.7817459305202 631.578947368421
0 0
77.7817459305202 1010.52631578947
0 0
77.7817459305202 1010.52631578947
0 0
77.7817459305202 1010.52631578947
0 0
77.7817459305202 378.947368421053
0 0
77.7817459305202 631.578947368421
0 0
77.7817459305202 1010.52631578947
0 0
77.7817459305202 1010.52631578947
0 0
77.7817459305202 1010.52631578947
0 0
77.7817459305202 378.947368421053
0 0
77.7817459305202 631.578947368421
0 0
77.7817459305202 1010.52631578947
0 0
77.7817459305202 1010.52631578947
0 0
77.7817459305202 0
