0 0
698.456462866008 214.285
0 0
880 214.285
0 0
987.766602512248 428.57
0 0
698.456462866008 214.285
0 0
880 214.285
0 0
987.766602512248 428.57
0 0
698.456462866008 214.285
0 0
880 214.285
0 0
987.766602512248 214.285
0 0
1318.51022765148 214.285
0 0
1174.65907166963 428.57
0 0
987.766602512248 214.285
0 0
1046.50226120239 214.285
0 0
987.766602512248 214.285
0 0
783.990871963498 214.285
0 0
659.25511382574 1071.425
0 0
587.329535834815 214.285
0 0
659.25511382574 214.285
0 0
783.990871963498 214.285
0 0
659.25511382574 1285.71
0 0
698.456462866008 214.285
0 0
880 214.285
0 0
987.766602512248 428.57
0 0
698.456462866008 214.285
0 0
880 214.285
0 0
987.766602512248 428.57
0 0
698.456462866008 214.285
0 0
880 214.285
0 0
987.766602512248 214.285
0 0
1318.51022765148 214.285
0 0
1174.65907166963 428.57
0 0
987.766602512248 214.285
0 0
1046.50226120239 214.285
0 0
1318.51022765148 214.285
0 0
987.766602512248 214.285
0 0
783.990871963498 1071.425
0 0
987.766602512248 214.285
0 0
783.990871963498 214.285
0 0
587.329535834815 214.285
0 0
659.25511382574 1285.71
0 3428.56
698.456462866008 214.285
0 0
783.990871963498 214.285
0 0
880 428.57
0 0
987.766602512248 214.285
0 0
1046.50226120239 214.285
0 0
1174.65907166963 428.57
0 0
1318.51022765148 214.285
0 0
1396.91292573202 214.285
0 0
1567.981743927 1285.71
0 3428.56
698.456462866008 214.285
0 0
659.25511382574 214.285
0 0
880 214.285
0 0
783.990871963498 214.285
0 0
987.766602512248 214.285
0 0
880 214.285
0 0
1046.50226120239 214.285
0 0
987.766602512248 214.285
0 0
1174.65907166963 214.285
0 0
1046.50226120239 214.285
0 0
1318.51022765148 214.285
0 0
1174.65907166963 214.285
0 0
1396.91292573202 214.285
0 0
1318.51022765148 214.285
0 0
987.766602512248 107.1425
0 0
1046.50226120239 107.1425
0 107.1425
880 107.1425
0 0
987.766602512248 1714.28
0 1714.28
698.456462866008 214.285
0 0
880 214.285
0 0
987.766602512248 428.57
0 0
698.456462866008 214.285
0 0
880 214.285
0 0
987.766602512248 428.57
0 0
698.456462866008 214.285
0 0
880 214.285
0 0
987.766602512248 214.285
0 0
1318.51022765148 214.285
0 0
1174.65907166963 428.57
0 0
987.766602512248 214.285
0 0
1046.50226120239 214.285
0 0
987.766602512248 214.285
0 0
783.990871963498 214.285
0 0
659.25511382574 1071.425
0 0
587.329535834815 214.285
0 0
659.25511382574 214.285
0 0
783.990871963498 214.285
0 0
659.25511382574 1285.71
0 0
698.456462866008 214.285
0 0
880 214.285
0 0
987.766602512248 428.57
0 0
698.456462866008 214.285
0 0
880 214.285
0 0
987.766602512248 428.57
0 0
698.456462866008 214.285
0 0
880 214.285
0 0
987.766602512248 214.285
0 0
1318.51022765148 214.285
0 0
1174.65907166963 428.57
0 0
987.766602512248 214.285
0 0
1046.50226120239 214.285
0 0
1318.51022765148 214.285
0 0
987.766602512248 214.285
0 0
783.990871963498 1071.425
0 0
987.766602512248 214.285
0 0
783.990871963498 214.285
0 0
587.329535834815 214.285
0 0
659.25511382574 1285.71
0 3428.56
698.456462866008 214.285
0 0
783.990871963498 214.285
0 0
880 428.57
0 0
987.766602512248 214.285
0 0
1046.50226120239 214.285
0 0
1174.65907166963 428.57
0 0
1318.51022765148 214.285
0 0
1396.91292573202 214.285
0 0
1567.981743927 1285.71
0 3428.56
698.456462866008 214.285
0 0
659.25511382574 214.285
0 0
880 214.285
0 0
783.990871963498 214.285
0 0
987.766602512248 214.285
0 0
880 214.285
0 0
1046.50226120239 214.285
0 0
987.766602512248 214.285
0 0
1174.65907166963 214.285
0 0
1046.50226120239 214.285
0 0
1318.51022765148 214.285
0 0
1174.65907166963 214.285
0 0
1396.91292573202 214.285
0 0
1318.51022765148 214.285
0 0
987.766602512248 107.1425
0 0
1046.50226120239 107.1425
0 107.1425
880 107.1425
0 0
987.766602512248 1714.28
0 1714.28
698.456462866008 214.285
0 0
880 214.285
0 0
987.766602512248 428.57
0 0
698.456462866008 214.285
0 0
880 214.285
0 0
987.766602512248 428.57
0 0
698.456462866008 214.285
0 0
880 214.285
0 0
987.766602512248 214.285
0 0
1318.51022765148 214.285
0 0
1174.65907166963 428.57
0 0
987.766602512248 214.285
0 0
1046.50226120239 214.285
0 0
987.766602512248 214.285
0 0
783.990871963498 214.285
0 0
659.25511382574 1071.425
0 0
587.329535834815 214.285
0 0
659.25511382574 214.285
0 0
783.990871963498 214.285
0 0
659.25511382574 1285.71
0 0
698.456462866008 214.285
0 0
880 214.285
0 0
987.766602512248 428.57
0 0
698.456462866008 214.285
0 0
880 214.285
0 0
987.766602512248 428.57
0 0
698.456462866008 214.285
0 0
880 214.285
0 0
987.766602512248 214.285
0 0
1318.51022765148 214.285
0 0
1174.65907166963 428.57
0 0
987.766602512248 214.285
0 0
1046.50226120239 214.285
0 0
1318.51022765148 214.285
0 0
987.766602512248 214.285
0 0
783.990871963498 1071.425
0 0
987.766602512248 214.285
0 0
783.990871963498 214.285
0 0
587.329535834815 214.285
0 0
659.25511382574 1285.71
0 3428.56
698.456462866008 214.285
0 0
783.990871963498 214.285
0 0
880 428.57
0 0
987.766602512248 214.285
0 0
1046.50226120239 214.285
0 0
1174.65907166963 428.57
0 0
1318.51022765148 214.285
0 0
1396.91292573202 214.285
0 0
1567.981743927 1285.71
0 3428.56
698.456462866008 214.285
0 0
659.25511382574 214.285
0 0
880 214.285
0 0
783.990871963498 214.285
0 0
987.766602512248 214.285
0 0
880 214.285
0 0
1046.50226120239 214.285
0 0
987.766602512248 214.285
0 0
1174.65907166963 214.285
0 0
1046.50226120239 214.285
0 0
1318.51022765148 214.285
0 0
1174.65907166963 214.285
0 0
1396.91292573202 214.285
0 0
1318.51022765148 214.285
0 0
987.766602512248 107.1425
0 0
1046.50226120239 107.1425
0 107.1425
880 107.1425
0 0
987.766602512248 1714.28
0 1714.28
698.456462866008 214.285
0 0
880 214.285
0 0
987.766602512248 428.57
0 0
698.456462866008 214.285
0 0
880 214.285
0 0
987.766602512248 428.57
0 0
698.456462866008 214.285
0 0
880 214.285
0 0
987.766602512248 214.285
0 0
1318.51022765148 214.285
0 0
1174.65907166963 428.57
0 0
987.766602512248 214.285
0 0
1046.50226120239 214.285
0 0
987.766602512248 214.285
0 0
783.990871963498 214.285
0 0
659.25511382574 1071.425
0 0
587.329535834815 214.285
0 0
659.25511382574 214.285
0 0
783.990871963498 214.285
0 0
659.25511382574 1285.71
0 0
698.456462866008 214.285
0 0
880 214.285
0 0
987.766602512248 428.57
0 0
698.456462866008 214.285
0 0
880 214.285
0 0
987.766602512248 428.57
0 0
698.456462866008 214.285
0 0
880 214.285
0 0
987.766602512248 214.285
0 0
1318.51022765148 214.285
0 0
1174.65907166963 428.57
0 0
987.766602512248 214.285
0 0
1046.50226120239 214.285
0 0
1318.51022765148 214.285
0 0
987.766602512248 214.285
0 0
783.990871963498 1071.425
0 0
987.766602512248 214.285
0 0
783.990871963498 214.285
0 0
587.329535834815 214.285
0 0
659.25511382574 1285.71
0 3428.56
698.456462866008 214.285
0 0
783.990871963498 214.285
0 0
880 428.57
0 0
987.766602512248 214.285
0 0
1046.50226120239 214.285
0 0
1174.65907166963 428.57
0 0
1318.51022765148 214.285
0 0
1396.91292573202 214.285
0 0
1567.981743927 1285.71
0 3428.56
698.456462866008 214.285
0 0
659.25511382574 214.285
0 0
880 214.285
0 0
783.990871963498 214.285
0 0
987.766602512248 214.285
0 0
880 214.285
0 0
1046.50226120239 214.285
0 0
987.766602512248 214.285
0 0
1174.65907166963 214.285
0 0
1046.50226120239 214.285
0 0
1318.51022765148 214.285
0 0
1174.65907166963 214.285
0 0
1396.91292573202 214.285
0 0
1318.51022765148 214.285
0 0
987.766602512248 107.1425
0 0
1046.50226120239 107.1425
0 107.1425
880 107.1425
0 0
987.766602512248 1714.28
