0 0
174.614115716502 214.285
0 642.855
174.614115716502 214.285
0 642.855
174.614115716502 214.285
0 642.855
174.614115716502 214.285
0 642.855
130.812782650299 214.285
0 642.855
130.812782650299 214.285
0 642.855
130.812782650299 214.285
0 642.855
130.812782650299 214.285
0 642.855
174.614115716502 214.285
0 642.855
174.614115716502 214.285
0 642.855
174.614115716502 214.285
0 642.855
174.614115716502 214.285
0 642.855
130.812782650299 214.285
0 642.855
130.812782650299 214.285
0 642.855
130.812782650299 214.285
0 642.855
130.812782650299 214.285
0 642.855
146.832383958704 214.285
0 0
293.664767917408 214.285
0 0
146.832383958704 214.285
0 0
293.664767917408 214.285
0 0
97.9988589954373 214.285
0 0
293.664767917408 214.285
0 0
97.9988589954373 214.285
0 0
293.664767917408 214.285
0 0
130.812782650299 214.285
0 0
261.625565300599 214.285
0 0
130.812782650299 214.285
0 0
261.625565300599 214.285
0 0
110 214.285
0 0
220 214.285
0 0
110 214.285
0 0
220 214.285
0 0
146.832383958704 214.285
0 0
293.664767917408 214.285
0 0
146.832383958704 214.285
0 0
293.664767917408 214.285
0 0
97.9988589954373 214.285
0 0
293.664767917408 214.285
0 0
97.9988589954373 214.285
0 0
293.664767917408 214.285
0 0
130.812782650299 214.285
0 0
261.625565300599 214.285
0 0
130.812782650299 214.285
0 0
261.625565300599 214.285
0 0
110 214.285
0 0
220 214.285
0 0
110 214.285
0 0
220 214.285
0 0
146.832383958704 214.285
0 0
293.664767917408 214.285
0 0
146.832383958704 214.285
0 0
293.664767917408 214.285
0 0
97.9988589954373 214.285
0 0
293.664767917408 214.285
0 0
97.9988589954373 214.285
0 0
293.664767917408 214.285
0 0
130.812782650299 214.285
0 0
261.625565300599 214.285
0 0
130.812782650299 214.285
0 0
261.625565300599 214.285
0 0
110 214.285
0 0
220 214.285
0 0
110 214.285
0 0
220 214.285
0 0
146.832383958704 214.285
0 0
246.941650628062 214.285
0 0
246.941650628062 214.285
0 214.285
146.832383958704 214.285
0 0
246.941650628062 214.285
0 0
246.941650628062 214.285
0 214.285
130.812782650299 214.285
0 0
261.625565300599 214.285
0 0
261.625565300599 214.285
0 214.285
130.812782650299 214.285
0 0
261.625565300599 214.285
0 0
261.625565300599 214.285
0 214.285
164.813778456435 214.285
0 0
246.941650628062 214.285
0 214.285
246.941650628062 214.285
0 0
164.813778456435 214.285
0 0
246.941650628062 214.285
0 214.285
246.941650628062 214.285
0 0
164.813778456435 214.285
0 0
246.941650628062 214.285
0 0
246.941650628062 214.285
0 0
246.941650628062 214.285
0 0
246.941650628062 214.285
0 214.285
1318.51022765148 214.285
0 214.285
174.614115716502 214.285
0 642.855
174.614115716502 214.285
0 642.855
174.614115716502 214.285
0 642.855
174.614115716502 214.285
0 642.855
130.812782650299 214.285
0 642.855
130.812782650299 214.285
0 642.855
130.812782650299 214.285
0 642.855
130.812782650299 214.285
0 642.855
174.614115716502 214.285
0 642.855
174.614115716502 214.285
0 642.855
174.614115716502 214.285
0 642.855
174.614115716502 214.285
0 642.855
130.812782650299 214.285
0 642.855
130.812782650299 214.285
0 642.855
130.812782650299 214.285
0 642.855
130.812782650299 214.285
0 642.855
146.832383958704 214.285
0 0
293.664767917408 214.285
0 0
146.832383958704 214.285
0 0
293.664767917408 214.285
0 0
97.9988589954373 214.285
0 0
293.664767917408 214.285
0 0
97.9988589954373 214.285
0 0
293.664767917408 214.285
0 0
130.812782650299 214.285
0 0
261.625565300599 214.285
0 0
130.812782650299 214.285
0 0
261.625565300599 214.285
0 0
110 214.285
0 0
220 214.285
0 0
110 214.285
0 0
220 214.285
0 0
146.832383958704 214.285
0 0
293.664767917408 214.285
0 0
146.832383958704 214.285
0 0
293.664767917408 214.285
0 0
97.9988589954373 214.285
0 0
293.664767917408 214.285
0 0
97.9988589954373 214.285
0 0
293.664767917408 214.285
0 0
130.812782650299 214.285
0 0
261.625565300599 214.285
0 0
130.812782650299 214.285
0 0
261.625565300599 214.285
0 0
110 214.285
0 0
220 214.285
0 0
110 214.285
0 0
220 214.285
0 0
146.832383958704 214.285
0 0
293.664767917408 214.285
0 0
146.832383958704 214.285
0 0
293.664767917408 214.285
0 0
97.9988589954373 214.285
0 0
293.664767917408 214.285
0 0
97.9988589954373 214.285
0 0
293.664767917408 214.285
0 0
130.812782650299 214.285
0 0
261.625565300599 214.285
0 0
130.812782650299 214.285
0 0
261.625565300599 214.285
0 0
110 214.285
0 0
220 214.285
0 0
110 214.285
0 0
220 214.285
0 0
146.832383958704 214.285
0 0
246.941650628062 214.285
0 0
246.941650628062 214.285
0 214.285
146.832383958704 214.285
0 0
246.941650628062 214.285
0 0
246.941650628062 214.285
0 214.285
130.812782650299 214.285
0 0
261.625565300599 214.285
0 0
261.625565300599 214.285
0 214.285
130.812782650299 214.285
0 0
261.625565300599 214.285
0 0
261.625565300599 214.285
0 214.285
164.813778456435 214.285
0 0
246.941650628062 214.285
0 214.285
246.941650628062 214.285
0 0
164.813778456435 214.285
0 0
246.941650628062 214.285
0 214.285
246.941650628062 214.285
0 0
164.813778456435 214.285
0 0
246.941650628062 214.285
0 0
246.941650628062 214.285
0 0
246.941650628062 214.285
0 0
246.941650628062 214.285
0 214.285
1318.51022765148 214.285
0 214.285
174.614115716502 214.285
0 642.855
174.614115716502 214.285
0 642.855
174.614115716502 214.285
0 642.855
174.614115716502 214.285
0 642.855
130.812782650299 214.285
0 642.855
130.812782650299 214.285
0 642.855
130.812782650299 214.285
0 642.855
130.812782650299 214.285
0 642.855
174.614115716502 214.285
0 642.855
174.614115716502 214.285
0 642.855
174.614115716502 214.285
0 642.855
174.614115716502 214.285
0 642.855
130.812782650299 214.285
0 642.855
130.812782650299 214.285
0 642.855
130.812782650299 214.285
0 642.855
130.812782650299 214.285
0 642.855
146.832383958704 214.285
0 0
293.664767917408 214.285
0 0
146.832383958704 214.285
0 0
293.664767917408 214.285
0 0
97.9988589954373 214.285
0 0
293.664767917408 214.285
0 0
97.9988589954373 214.285
0 0
293.664767917408 214.285
0 0
130.812782650299 214.285
0 0
261.625565300599 214.285
0 0
130.812782650299 214.285
0 0
261.625565300599 214.285
0 0
110 214.285
0 0
220 214.285
0 0
110 214.285
0 0
220 214.285
0 0
146.832383958704 214.285
0 0
293.664767917408 214.285
0 0
146.832383958704 214.285
0 0
293.664767917408 214.285
0 0
97.9988589954373 214.285
0 0
293.664767917408 214.285
0 0
97.9988589954373 214.285
0 0
293.664767917408 214.285
0 0
130.812782650299 214.285
0 0
261.625565300599 214.285
0 0
130.812782650299 214.285
0 0
261.625565300599 214.285
0 0
110 214.285
0 0
220 214.285
0 0
110 214.285
0 0
220 214.285
0 0
146.832383958704 214.285
0 0
293.664767917408 214.285
0 0
146.832383958704 214.285
0 0
293.664767917408 214.285
0 0
97.9988589954373 214.285
0 0
293.664767917408 214.285
0 0
97.9988589954373 214.285
0 0
293.664767917408 214.285
0 0
130.812782650299 214.285
0 0
261.625565300599 214.285
0 0
130.812782650299 214.285
0 0
261.625565300599 214.285
0 0
110 214.285
0 0
220 214.285
0 0
110 214.285
0 0
220 214.285
0 0
146.832383958704 214.285
0 0
246.941650628062 214.285
0 0
246.941650628062 214.285
0 214.285
146.832383958704 214.285
0 0
246.941650628062 214.285
0 0
246.941650628062 214.285
0 214.285
130.812782650299 214.285
0 0
261.625565300599 214.285
0 0
261.625565300599 214.285
0 214.285
130.812782650299 214.285
0 0
261.625565300599 214.285
0 0
261.625565300599 214.285
0 214.285
164.813778456435 214.285
0 0
246.941650628062 214.285
0 214.285
246.941650628062 214.285
0 0
164.813778456435 214.285
0 0
246.941650628062 214.285
0 214.285
246.941650628062 214.285
0 0
164.813778456435 214.285
0 0
246.941650628062 214.285
0 0
246.941650628062 214.285
0 0
246.941650628062 214.285
0 0
246.941650628062 214.285
0 214.285
1318.51022765148 214.285
0 214.285
174.614115716502 214.285
0 642.855
174.614115716502 214.285
0 642.855
174.614115716502 214.285
0 642.855
174.614115716502 214.285
0 642.855
130.812782650299 214.285
0 642.855
130.812782650299 214.285
0 642.855
130.812782650299 214.285
0 642.855
130.812782650299 214.285
0 642.855
174.614115716502 214.285
0 642.855
174.614115716502 214.285
0 642.855
174.614115716502 214.285
0 642.855
174.614115716502 214.285
0 642.855
130.812782650299 214.285
0 642.855
130.812782650299 214.285
0 642.855
130.812782650299 214.285
0 642.855
130.812782650299 214.285
0 642.855
146.832383958704 214.285
0 0
293.664767917408 214.285
0 0
146.832383958704 214.285
0 0
293.664767917408 214.285
0 0
97.9988589954373 214.285
0 0
293.664767917408 214.285
0 0
97.9988589954373 214.285
0 0
293.664767917408 214.285
0 0
130.812782650299 214.285
0 0
261.625565300599 214.285
0 0
130.812782650299 214.285
0 0
261.625565300599 214.285
0 0
110 214.285
0 0
220 214.285
0 0
110 214.285
0 0
220 214.285
0 0
146.832383958704 214.285
0 0
293.664767917408 214.285
0 0
146.832383958704 214.285
0 0
293.664767917408 214.285
0 0
97.9988589954373 214.285
0 0
293.664767917408 214.285
0 0
97.9988589954373 214.285
0 0
293.664767917408 214.285
0 0
130.812782650299 214.285
0 0
261.625565300599 214.285
0 0
130.812782650299 214.285
0 0
261.625565300599 214.285
0 0
110 214.285
0 0
220 214.285
0 0
110 214.285
0 0
220 214.285
0 0
146.832383958704 214.285
0 0
293.664767917408 214.285
0 0
146.832383958704 214.285
0 0
293.664767917408 214.285
0 0
97.9988589954373 214.285
0 0
293.664767917408 214.285
0 0
97.9988589954373 214.285
0 0
293.664767917408 214.285
0 0
130.812782650299 214.285
0 0
261.625565300599 214.285
0 0
130.812782650299 214.285
0 0
261.625565300599 214.285
0 0
110 214.285
0 0
220 214.285
0 0
110 214.285
0 0
220 214.285
0 0
146.832383958704 214.285
0 0
246.941650628062 214.285
0 0
246.941650628062 214.285
0 214.285
146.832383958704 214.285
0 0
246.941650628062 214.285
0 0
246.941650628062 214.285
0 214.285
130.812782650299 214.285
0 0
261.625565300599 214.285
0 0
261.625565300599 214.285
0 214.285
130.812782650299 214.285
0 0
261.625565300599 214.285
0 0
261.625565300599 214.285
0 214.285
164.813778456435 214.285
0 0
246.941650628062 214.285
0 214.285
246.941650628062 214.285
0 0
164.813778456435 214.285
0 0
246.941650628062 214.285
0 214.285
246.941650628062 214.285
0 0
164.813778456435 214.285
0 0
246.941650628062 214.285
0 0
246.941650628062 214.285
0 0
246.941650628062 214.285
0 0
246.941650628062 214.285
0 214.285
1318.51022765148 214.285
