0 1285.71
261.625565300599 214.285
0 1499.995
261.625565300599 214.285
0 1499.995
261.625565300599 214.285
0 1499.995
261.625565300599 214.285
0 1499.995
261.625565300599 214.285
0 1499.995
261.625565300599 214.285
0 1499.995
261.625565300599 214.285
0 1499.995
261.625565300599 214.285
0 7499.975
261.625565300599 214.285
0 642.855
261.625565300599 214.285
0 642.855
261.625565300599 214.285
0 642.855
261.625565300599 214.285
0 642.855
261.625565300599 214.285
0 642.855
261.625565300599 214.285
0 642.855
261.625565300599 214.285
0 642.855
261.625565300599 214.285
0 3214.275
261.625565300599 214.285
0 1499.995
261.625565300599 214.285
0 1499.995
261.625565300599 214.285
0 1499.995
261.625565300599 214.285
0 1499.995
261.625565300599 214.285
0 1499.995
261.625565300599 214.285
0 1499.995
261.625565300599 214.285
0 1499.995
261.625565300599 214.285
0 1499.995
261.625565300599 214.285
0 7499.975
261.625565300599 214.285
0 642.855
261.625565300599 214.285
0 642.855
261.625565300599 214.285
0 642.855
261.625565300599 214.285
0 642.855
261.625565300599 214.285
0 642.855
261.625565300599 214.285
0 642.855
261.625565300599 214.285
0 642.855
261.625565300599 214.285
0 3214.275
261.625565300599 214.285
0 1499.995
261.625565300599 214.285
0 1499.995
261.625565300599 214.285
0 1499.995
261.625565300599 214.285
0 1499.995
261.625565300599 214.285
0 1499.995
261.625565300599 214.285
0 1499.995
261.625565300599 214.285
0 1499.995
261.625565300599 214.285
0 1499.995
261.625565300599 214.285
0 7499.975
261.625565300599 214.285
0 642.855
261.625565300599 214.285
0 642.855
261.625565300599 214.285
0 642.855
261.625565300599 214.285
0 642.855
261.625565300599 214.285
0 642.855
261.625565300599 214.285
0 642.855
261.625565300599 214.285
0 642.855
261.625565300599 214.285
0 3214.275
261.625565300599 214.285
0 1499.995
261.625565300599 214.285
0 1499.995
261.625565300599 214.285
0 1499.995
261.625565300599 214.285
0 1499.995
261.625565300599 214.285
0 1499.995
261.625565300599 214.285
0 1499.995
261.625565300599 214.285
0 1499.995
261.625565300599 214.285
0 1499.995
261.625565300599 214.285
0 7499.975
261.625565300599 214.285
0 642.855
261.625565300599 214.285
0 642.855
261.625565300599 214.285
0 642.855
261.625565300599 214.285
0 642.855
261.625565300599 214.285
0 642.855
261.625565300599 214.285
0 642.855
261.625565300599 214.285
0 642.855
261.625565300599 214.285
0 3214.275
261.625565300599 214.285
