0 7384.608
293.664767917408 153.846
0 0
349.228231433004 153.846
0 0
587.329535834815 538.461
0 76.923
293.664767917408 153.846
0 0
349.228231433004 153.846
0 0
587.329535834815 538.461
0 76.923
659.25511382574 384.615
0 76.923
698.456462866008 153.846
0 0
659.25511382574 153.846
0 0
698.456462866008 153.846
0 0
659.25511382574 153.846
0 0
523.251130601197 153.846
0 0
440 538.461
0 76.923
440 307.692
0 0
293.664767917408 307.692
0 0
349.228231433004 153.846
0 0
391.995435981749 153.846
0 0
440 846.153
0 76.923
440 307.692
0 0
293.664767917408 307.692
0 0
349.228231433004 153.846
0 0
391.995435981749 153.846
0 0
329.62755691287 846.153
0 76.923
293.664767917408 153.846
0 0
349.228231433004 153.846
0 0
587.329535834815 538.461
0 76.923
293.664767917408 153.846
0 0
349.228231433004 153.846
0 0
587.329535834815 538.461
0 76.923
659.25511382574 384.615
0 76.923
698.456462866008 153.846
0 0
659.25511382574 153.846
0 0
698.456462866008 153.846
0 0
659.25511382574 153.846
0 0
523.251130601197 153.846
0 0
440 538.461
0 76.923
440 307.692
0 0
293.664767917408 307.692
0 0
349.228231433004 153.846
0 0
391.995435981749 153.846
0 0
440 461.538
0 153.846
440 307.692
0 0
293.664767917408 1769.229
0 5615.379
293.664767917408 153.846
0 0
349.228231433004 153.846
0 0
587.329535834815 538.461
0 76.923
293.664767917408 153.846
0 0
349.228231433004 153.846
0 0
587.329535834815 538.461
0 76.923
659.25511382574 384.615
0 76.923
698.456462866008 153.846
0 0
659.25511382574 153.846
0 0
698.456462866008 153.846
0 0
659.25511382574 153.846
0 0
523.251130601197 153.846
0 0
440 538.461
0 76.923
440 307.692
0 0
293.664767917408 307.692
0 0
349.228231433004 153.846
0 0
391.995435981749 153.846
0 0
440 846.153
0 76.923
440 307.692
0 0
293.664767917408 307.692
0 0
349.228231433004 153.846
0 0
391.995435981749 153.846
0 0
329.62755691287 846.153
0 76.923
293.664767917408 153.846
0 0
349.228231433004 153.846
0 0
587.329535834815 538.461
0 76.923
293.664767917408 153.846
0 0
349.228231433004 153.846
0 0
587.329535834815 538.461
0 76.923
659.25511382574 384.615
0 76.923
698.456462866008 153.846
0 0
659.25511382574 153.846
0 0
698.456462866008 153.846
0 0
659.25511382574 153.846
0 0
523.251130601197 153.846
0 0
440 538.461
0 76.923
440 307.692
0 0
293.664767917408 307.692
0 0
349.228231433004 153.846
0 0
391.995435981749 153.846
0 0
440 461.538
0 153.846
440 307.692
0 0
293.664767917408 1769.229
0 5615.379
293.664767917408 153.846
0 0
349.228231433004 153.846
0 0
587.329535834815 538.461
0 76.923
293.664767917408 153.846
0 0
349.228231433004 153.846
0 0
587.329535834815 538.461
0 76.923
659.25511382574 384.615
0 76.923
698.456462866008 153.846
0 0
659.25511382574 153.846
0 0
698.456462866008 153.846
0 0
659.25511382574 153.846
0 0
523.251130601197 153.846
0 0
440 538.461
0 76.923
440 307.692
0 0
293.664767917408 307.692
0 0
349.228231433004 153.846
0 0
391.995435981749 153.846
0 0
440 846.153
0 76.923
440 307.692
0 0
293.664767917408 307.692
0 0
349.228231433004 153.846
0 0
391.995435981749 153.846
0 0
329.62755691287 846.153
0 76.923
293.664767917408 153.846
0 0
349.228231433004 153.846
0 0
587.329535834815 538.461
0 76.923
293.664767917408 153.846
0 0
349.228231433004 153.846
0 0
587.329535834815 538.461
0 76.923
659.25511382574 384.615
0 76.923
698.456462866008 153.846
0 0
659.25511382574 153.846
0 0
698.456462866008 153.846
0 0
659.25511382574 153.846
0 0
523.251130601197 153.846
0 0
440 538.461
0 76.923
440 307.692
0 0
293.664767917408 307.692
0 0
349.228231433004 153.846
0 0
391.995435981749 153.846
0 0
440 461.538
0 153.846
440 307.692
0 0
293.664767917408 1769.229
0 5615.379
293.664767917408 153.846
0 0
349.228231433004 153.846
0 0
587.329535834815 538.461
0 76.923
293.664767917408 153.846
0 0
349.228231433004 153.846
0 0
587.329535834815 538.461
0 76.923
659.25511382574 384.615
0 76.923
698.456462866008 153.846
0 0
659.25511382574 153.846
0 0
698.456462866008 153.846
0 0
659.25511382574 153.846
0 0
523.251130601197 153.846
0 0
440 538.461
0 76.923
440 307.692
0 0
293.664767917408 307.692
0 0
349.228231433004 153.846
0 0
391.995435981749 153.846
0 0
440 846.153
0 76.923
440 307.692
0 0
293.664767917408 307.692
0 0
349.228231433004 153.846
0 0
391.995435981749 153.846
0 0
329.62755691287 846.153
0 76.923
293.664767917408 153.846
0 0
349.228231433004 153.846
0 0
587.329535834815 538.461
0 76.923
293.664767917408 153.846
0 0
349.228231433004 153.846
0 0
587.329535834815 538.461
0 76.923
659.25511382574 384.615
0 76.923
698.456462866008 153.846
0 0
659.25511382574 153.846
0 0
698.456462866008 153.846
0 0
659.25511382574 153.846
0 0
523.251130601197 153.846
0 0
440 538.461
0 76.923
440 307.692
0 0
293.664767917408 307.692
0 0
349.228231433004 153.846
0 0
391.995435981749 153.846
0 0
440 461.538
0 153.846
440 307.692
0 0
293.664767917408 1769.229
