0 0
1174.65907166963 606.06
0 0
880 909.09
0 0
783.990871963498 303.03
0 0
880 1818.18
0 0
1174.65907166963 606.06
0 0
880 909.09
0 0
783.990871963498 303.03
0 0
880 1212.12
0 0
587.329535834815 606.06
0 0
622.253967444162 606.06
0 0
783.990871963498 606.06
0 0
932.32752303618 606.06
0 0
880 1818.18
0 0
880 606.06
0 0
783.990871963498 606.06
0 0
698.456462866008 606.06
0 0
783.990871963498 1818.18
0 0
1174.65907166963 606.06
0 0
880 909.09
0 0
783.990871963498 303.03
0 0
880 1818.18
0 0
1174.65907166963 606.06
0 0
880 909.09
0 0
783.990871963498 303.03
0 0
880 1212.12
0 0
587.329535834815 606.06
0 0
622.253967444162 606.06
0 0
783.990871963498 606.06
0 0
932.32752303618 606.06
0 0
880 1818.18
0 0
880 606.06
0 0
783.990871963498 606.06
0 0
698.456462866008 606.06
0 0
783.990871963498 1818.18
0 0
1174.65907166963 606.06
0 0
880 909.09
0 0
783.990871963498 303.03
0 0
880 1818.18
0 0
1174.65907166963 606.06
0 0
880 909.09
0 0
783.990871963498 303.03
0 0
880 1212.12
0 0
587.329535834815 606.06
0 0
622.253967444162 606.06
0 0
783.990871963498 606.06
0 0
932.32752303618 606.06
0 0
880 1818.18
0 0
880 606.06
0 0
783.990871963498 606.06
0 0
698.456462866008 606.06
0 0
783.990871963498 1818.18
0 0
1174.65907166963 606.06
0 0
880 909.09
0 0
783.990871963498 303.03
0 0
880 1818.18
0 0
1174.65907166963 606.06
0 0
880 909.09
0 0
783.990871963498 303.03
0 0
880 1212.12
0 0
587.329535834815 606.06
0 0
622.253967444162 606.06
0 0
783.990871963498 606.06
0 0
932.32752303618 606.06
0 0
880 1818.18
0 0
880 606.06
0 0
783.990871963498 606.06
0 0
698.456462866008 606.06
0 0
783.990871963498 1818.18
