0 1000
391.995435981749 250
0 0
369.994422711634 250
0 0
329.62755691287 250
0 0
329.62755691287 250
0 0
369.994422711634 1000
0 1750
220 250
0 0
391.995435981749 250
0 0
369.994422711634 250
0 0
329.62755691287 250
0 0
329.62755691287 500
0 0
369.994422711634 750
0 0
293.664767917408 500
0 0
329.62755691287 250
0 0
220 1750
0 250
220 250
0 0
329.62755691287 500
0 0
369.994422711634 250
0 0
391.995435981749 750
0 0
329.62755691287 250
0 0
277.182630976872 500
0 0
293.664767917408 750
0 0
329.62755691287 500
0 0
220 250
0 0
220 500
0 0
369.994422711634 1750
0 1000
391.995435981749 250
0 0
369.994422711634 250
0 0
329.62755691287 250
0 0
329.62755691287 250
0 0
369.994422711634 1000
0 1750
220 250
0 0
391.995435981749 250
0 0
369.994422711634 250
0 0
329.62755691287 250
0 0
329.62755691287 750
0 0
369.994422711634 250
0 0
293.664767917408 750
0 0
329.62755691287 250
0 0
220 1250
0 1000
329.62755691287 500
0 0
369.994422711634 250
0 0
391.995435981749 750
0 0
329.62755691287 250
0 0
277.182630976872 750
0 0
293.664767917408 250
0 0
329.62755691287 500
0 0
220 250
0 0
293.664767917408 250
0 0
329.62755691287 250
0 0
349.228231433004 250
0 0
329.62755691287 250
0 0
293.664767917408 250
0 0
261.625565300599 250
0 500
220 250
0 0
233.081880759045 250
0 0
261.625565300599 500
0 0
349.228231433004 500
0 0
329.62755691287 250
0 0
293.664767917408 250
0 0
293.664767917408 250
0 0
261.625565300599 250
0 0
293.664767917408 250
0 0
261.625565300599 250
0 0
261.625565300599 500
0 0
261.625565300599 500
0 0
220 250
0 0
233.081880759045 250
0 0
261.625565300599 500
0 0
349.228231433004 500
0 0
391.995435981749 250
0 0
349.228231433004 250
0 0
329.62755691287 250
0 0
293.664767917408 250
0 0
293.664767917408 250
0 0
329.62755691287 250
0 0
349.228231433004 500
0 0
349.228231433004 500
0 0
391.995435981749 250
0 0
440 250
0 0
466.16376151809 250
0 0
466.16376151809 250
0 0
440 500
0 0
391.995435981749 500
0 0
349.228231433004 250
0 0
391.995435981749 250
0 0
440 250
0 0
440 250
0 0
391.995435981749 500
0 0
349.228231433004 500
0 0
293.664767917408 250
0 0
261.625565300599 250
0 0
293.664767917408 250
0 0
349.228231433004 250
0 0
349.228231433004 250
0 0
329.62755691287 500
0 0
329.62755691287 250
0 0
369.994422711634 250
0 0
369.994422711634 250
0 0
440 250
0 0
587.329535834815 250
0 0
739.988845423269 250
0 0
587.329535834815 250
0 0
493.883301256124 250
0 0
587.329535834815 250
0 0
739.988845423269 250
0 0
587.329535834815 250
0 0
440 250
0 0
587.329535834815 250
0 0
739.988845423269 250
0 0
587.329535834815 250
0 0
493.883301256124 250
0 0
587.329535834815 250
0 0
739.988845423269 250
0 0
587.329535834815 250
0 0
440 250
0 0
587.329535834815 250
0 0
739.988845423269 250
0 0
587.329535834815 250
0 0
493.883301256124 250
0 0
587.329535834815 250
0 0
739.988845423269 250
0 0
587.329535834815 250
0 750
220 250
0 0
391.995435981749 250
0 0
369.994422711634 250
0 0
329.62755691287 250
0 0
329.62755691287 375
0 0
369.994422711634 875
0 1750
220 250
0 0
391.995435981749 250
0 0
369.994422711634 250
0 0
329.62755691287 250
0 0
329.62755691287 750
0 0
369.994422711634 250
0 0
293.664767917408 500
0 0
329.62755691287 500
0 0
220 1250
0 1000
329.62755691287 500
0 0
369.994422711634 250
0 0
391.995435981749 750
0 0
329.62755691287 500
0 0
277.182630976872 500
0 0
293.664767917408 250
0 0
329.62755691287 750
0 0
220 250
0 0
220 500
0 0
369.994422711634 1250
0 1250
220 250
0 0
493.883301256124 250
0 0
440 250
0 0
391.995435981749 250
0 0
391.995435981749 250
0 0
440 500
0 0
220 250
0 0
493.883301256124 250
0 0
440 250
0 0
391.995435981749 250
0 0
391.995435981749 750
0 0
440 250
0 0
369.994422711634 750
0 0
391.995435981749 250
0 0
293.664767917408 1250
0 0
329.62755691287 500
0 0
369.994422711634 250
0 0
391.995435981749 750
0 0
329.62755691287 500
0 0
277.182630976872 500
0 0
293.664767917408 250
0 0
329.62755691287 500
0 0
220 250
0 0
293.664767917408 250
0 0
329.62755691287 250
0 0
349.228231433004 250
0 0
329.62755691287 250
0 0
293.664767917408 250
0 0
261.625565300599 750
0 0
220 250
0 0
233.081880759045 250
0 0
261.625565300599 500
0 0
349.228231433004 500
0 0
329.62755691287 250
0 0
293.664767917408 250
0 0
293.664767917408 250
0 0
261.625565300599 250
0 0
293.664767917408 250
0 0
261.625565300599 250
0 0
261.625565300599 500
0 0
261.625565300599 500
0 0
220 250
0 0
233.081880759045 250
0 0
261.625565300599 500
0 0
349.228231433004 500
0 0
391.995435981749 250
0 0
349.228231433004 250
0 0
329.62755691287 250
0 0
293.664767917408 250
0 0
293.664767917408 250
0 0
329.62755691287 250
0 0
349.228231433004 500
0 0
349.228231433004 500
0 0
391.995435981749 250
0 0
440 250
0 0
466.16376151809 250
0 0
466.16376151809 250
0 0
440 250
0 0
440 250
0 0
391.995435981749 500
0 0
349.228231433004 250
0 0
391.995435981749 250
0 0
440 250
0 0
440 250
0 0
391.995435981749 250
0 0
349.228231433004 250
0 0
349.228231433004 500
0 0
293.664767917408 250
0 0
261.625565300599 250
0 0
293.664767917408 250
0 0
349.228231433004 250
0 0
349.228231433004 250
0 0
329.62755691287 500
0 0
329.62755691287 250
0 0
369.994422711634 250
0 0
369.994422711634 1250
0 5750
220 250
0 0
391.995435981749 250
0 0
369.994422711634 250
0 0
329.62755691287 250
0 0
329.62755691287 375
0 0
369.994422711634 875
0 1750
220 250
0 0
391.995435981749 250
0 0
369.994422711634 250
0 0
329.62755691287 250
0 0
329.62755691287 750
0 0
369.994422711634 250
0 0
293.664767917408 500
0 0
329.62755691287 500
0 0
220 1250
0 1000
329.62755691287 500
0 0
369.994422711634 250
0 0
391.995435981749 750
0 0
329.62755691287 500
0 0
277.182630976872 500
0 0
293.664767917408 250
0 0
329.62755691287 750
0 0
220 250
0 0
220 500
0 0
369.994422711634 1250
0 1250
220 250
0 0
493.883301256124 250
0 0
440 250
0 0
391.995435981749 250
0 0
391.995435981749 250
0 0
440 500
0 0
220 250
0 0
493.883301256124 250
0 0
440 250
0 0
391.995435981749 250
0 0
391.995435981749 750
0 0
440 250
0 0
369.994422711634 750
0 0
391.995435981749 250
0 0
293.664767917408 1250
0 0
329.62755691287 500
0 0
369.994422711634 250
0 0
391.995435981749 750
0 0
329.62755691287 500
0 0
277.182630976872 500
0 0
293.664767917408 250
0 0
329.62755691287 500
0 0
220 250
0 0
293.664767917408 250
0 0
329.62755691287 250
0 0
349.228231433004 250
0 0
329.62755691287 250
0 0
293.664767917408 250
0 0
261.625565300599 750
0 0
220 250
0 0
233.081880759045 250
0 0
261.625565300599 500
0 0
349.228231433004 500
0 0
329.62755691287 250
0 0
293.664767917408 250
0 0
293.664767917408 250
0 0
261.625565300599 250
0 0
293.664767917408 250
0 0
261.625565300599 250
0 0
261.625565300599 500
0 0
261.625565300599 500
0 0
220 250
0 0
233.081880759045 250
0 0
261.625565300599 500
0 0
349.228231433004 500
0 0
391.995435981749 250
0 0
349.228231433004 250
0 0
329.62755691287 250
0 0
293.664767917408 250
0 0
293.664767917408 250
0 0
329.62755691287 250
0 0
349.228231433004 500
0 0
349.228231433004 500
0 0
391.995435981749 250
0 0
440 250
0 0
466.16376151809 250
0 0
466.16376151809 250
0 0
440 250
0 0
440 250
0 0
391.995435981749 500
0 0
349.228231433004 250
0 0
391.995435981749 250
0 0
440 250
0 0
440 250
0 0
391.995435981749 250
0 0
349.228231433004 250
0 0
349.228231433004 500
0 0
293.664767917408 250
0 0
261.625565300599 250
0 0
293.664767917408 250
0 0
349.228231433004 250
0 0
349.228231433004 250
0 0
329.62755691287 500
0 0
329.62755691287 250
0 0
369.994422711634 250
0 0
440 1000
0 0
440 250
0 0
440 246.09375
0 3.90625
440 246.09375
0 3.90625
493.883301256124 246.09375
0 3.90625
440 246.09375
0 3.90625
369.994422711634 246.09375
0 3.90625
293.664767917408 500
0 0
391.995435981749 250
0 0
440 250
0 0
440 1250
0 0
440 250
0 0
440 246.09375
0 3.90625
440 246.09375
0 3.90625
493.883301256124 246.09375
0 3.90625
440 246.09375
0 3.90625
369.994422711634 246.09375
0 3.90625
293.664767917408 500
0 0
391.995435981749 250
0 0
440 250
0 0
440 1250
0 0
440 250
0 0
440 246.09375
0 3.90625
440 246.09375
0 3.90625
493.883301256124 246.09375
0 3.90625
440 246.09375
0 3.90625
369.994422711634 246.09375
0 3.90625
293.664767917408 500
0 0
391.995435981749 250
0 0
440 250
0 0
440 1250
0 0
440 250
0 0
440 246.09375
0 3.90625
440 246.09375
0 3.90625
493.883301256124 246.09375
0 3.90625
440 246.09375
0 3.90625
369.994422711634 246.09375
0 3.90625
293.664767917408 500
0 0
391.995435981749 250
0 0
440 250
0 0
440 1250
0 0
440 250
0 0
440 246.09375
0 3.90625
440 246.09375
0 3.90625
493.883301256124 246.09375
0 3.90625
440 246.09375
0 3.90625
369.994422711634 246.09375
0 3.90625
293.664767917408 500
0 0
391.995435981749 250
0 0
440 250
0 0
440 750
0 0
391.995435981749 250
0 0
440 250
0 0
440 750
0 750
391.995435981749 250
0 0
369.994422711634 250
0 0
369.994422711634 1250
