0 2000
110 250
0 0
146.832383958704 250
0 0
184.997211355817 250
0 0
146.832383958704 250
0 0
123.470825314031 250
0 0
146.832383958704 250
0 0
184.997211355817 250
0 0
146.832383958704 250
0 0
110 250
0 0
146.832383958704 250
0 0
184.997211355817 250
0 0
146.832383958704 250
0 0
123.470825314031 250
0 0
146.832383958704 250
0 0
184.997211355817 250
0 0
146.832383958704 250
0 0
110 250
0 0
146.832383958704 250
0 0
184.997211355817 250
0 0
146.832383958704 250
0 0
123.470825314031 250
0 0
146.832383958704 250
0 0
184.997211355817 250
0 0
146.832383958704 250
0 0
110 250
0 0
146.832383958704 250
0 0
184.997211355817 250
0 0
146.832383958704 250
0 0
123.470825314031 250
0 0
146.832383958704 250
0 0
184.997211355817 250
0 0
146.832383958704 250
0 0
123.470825314031 250
0 0
164.813778456435 250
0 0
195.997717990875 250
0 0
164.813778456435 250
0 0
123.470825314031 250
0 0
164.813778456435 250
0 0
195.997717990875 250
0 0
164.813778456435 250
0 0
110 250
0 0
164.813778456435 250
0 0
195.997717990875 250
0 0
138.591315488436 250
0 0
110 250
0 0
164.813778456435 250
0 0
195.997717990875 250
0 0
138.591315488436 250
0 0
110 250
0 0
146.832383958704 250
0 0
184.997211355817 250
0 0
146.832383958704 250
0 0
123.470825314031 250
0 0
146.832383958704 250
0 0
184.997211355817 250
0 0
146.832383958704 250
0 0
110 250
0 0
146.832383958704 250
0 0
184.997211355817 250
0 0
146.832383958704 250
0 0
123.470825314031 250
0 0
146.832383958704 250
0 0
184.997211355817 250
0 0
146.832383958704 250
0 0
110 250
0 0
146.832383958704 250
0 0
184.997211355817 250
0 0
146.832383958704 250
0 0
123.470825314031 250
0 0
146.832383958704 250
0 0
184.997211355817 250
0 0
146.832383958704 250
0 0
110 250
0 0
146.832383958704 250
0 0
184.997211355817 250
0 0
146.832383958704 250
0 0
123.470825314031 250
0 0
146.832383958704 250
0 0
184.997211355817 250
0 0
146.832383958704 250
0 0
110 250
0 0
146.832383958704 250
0 0
184.997211355817 250
0 0
146.832383958704 250
0 0
123.470825314031 250
0 0
146.832383958704 250
0 0
184.997211355817 250
0 0
146.832383958704 250
0 0
110 250
0 0
146.832383958704 250
0 0
184.997211355817 250
0 0
146.832383958704 250
0 0
123.470825314031 250
0 0
146.832383958704 250
0 0
184.997211355817 250
0 0
146.832383958704 250
0 0
123.470825314031 250
0 0
164.813778456435 250
0 0
195.997717990875 250
0 0
164.813778456435 250
0 0
123.470825314031 250
0 0
164.813778456435 250
0 0
195.997717990875 250
0 0
164.813778456435 250
0 0
110 250
0 0
164.813778456435 250
0 0
195.997717990875 250
0 0
138.591315488436 250
0 0
110 250
0 0
164.813778456435 250
0 0
195.997717990875 250
0 0
138.591315488436 250
0 0
116.540940379522 250
0 0
146.832383958704 250
0 0
174.614115716502 250
0 0
220 250
0 15000
146.832383958704 750
0 0
146.832383958704 250
0 0
123.470825314031 750
0 0
123.470825314031 250
0 0
146.832383958704 750
0 0
146.832383958704 250
0 0
123.470825314031 750
0 0
123.470825314031 250
0 0
146.832383958704 750
0 0
146.832383958704 250
0 0
123.470825314031 750
0 0
123.470825314031 250
0 0
146.832383958704 750
0 0
146.832383958704 250
0 0
123.470825314031 750
0 0
123.470825314031 250
0 0
110 250
0 0
146.832383958704 250
0 0
184.997211355817 250
0 0
146.832383958704 250
0 0
123.470825314031 250
0 0
146.832383958704 250
0 0
184.997211355817 250
0 0
146.832383958704 250
0 0
110 250
0 0
146.832383958704 250
0 0
184.997211355817 250
0 0
146.832383958704 250
0 0
123.470825314031 250
0 0
146.832383958704 250
0 0
184.997211355817 250
0 0
146.832383958704 250
0 0
110 250
0 0
146.832383958704 250
0 0
184.997211355817 250
0 0
146.832383958704 250
0 0
123.470825314031 250
0 0
146.832383958704 250
0 0
184.997211355817 250
0 0
146.832383958704 250
0 0
110 250
0 0
146.832383958704 250
0 0
184.997211355817 250
0 0
146.832383958704 250
0 0
123.470825314031 250
0 0
146.832383958704 250
0 0
184.997211355817 250
0 0
146.832383958704 250
0 0
123.470825314031 250
0 0
164.813778456435 250
0 0
195.997717990875 250
0 0
164.813778456435 250
0 0
123.470825314031 250
0 0
164.813778456435 250
0 0
195.997717990875 250
0 0
164.813778456435 250
0 0
110 250
0 0
164.813778456435 250
0 0
195.997717990875 250
0 0
164.813778456435 250
0 0
110 250
0 0
164.813778456435 250
0 0
195.997717990875 250
0 0
164.813778456435 250
0 0
110 250
0 0
146.832383958704 250
0 0
184.997211355817 250
0 0
146.832383958704 250
0 0
123.470825314031 250
0 0
146.832383958704 250
0 0
184.997211355817 250
0 0
146.832383958704 250
0 0
146.832383958704 750
0 0
146.832383958704 250
0 0
123.470825314031 750
0 0
123.470825314031 250
0 0
146.832383958704 750
0 0
146.832383958704 250
0 0
123.470825314031 750
0 0
123.470825314031 250
0 0
146.832383958704 750
0 0
146.832383958704 250
0 0
123.470825314031 750
0 0
123.470825314031 250
0 0
146.832383958704 750
0 0
146.832383958704 250
0 0
123.470825314031 750
0 0
123.470825314031 250
0 0
146.832383958704 750
0 0
146.832383958704 250
0 0
123.470825314031 750
0 0
123.470825314031 250
0 0
164.813778456435 750
0 0
164.813778456435 250
0 0
164.813778456435 250
0 0
184.997211355817 250
0 0
195.997717990875 500
0 0
110 750
0 0
110 250
0 0
110 250
0 0
123.470825314031 250
0 0
138.591315488436 250
0 0
110 250
0 0
116.540940379522 500
0 0
116.540940379522 250
0 0
116.540940379522 250
0 0
116.540940379522 250
0 0
116.540940379522 250
0 0
116.540940379522 250
0 0
116.540940379522 250
0 0
174.614115716502 250
0 0
174.614115716502 250
0 0
130.812782650299 250
0 0
130.812782650299 250
0 0
116.540940379522 250
0 0
116.540940379522 250
0 0
174.614115716502 250
0 0
174.614115716502 250
0 0
174.614115716502 250
0 0
174.614115716502 250
0 0
130.812782650299 250
0 0
130.812782650299 250
0 0
116.540940379522 250
0 0
116.540940379522 250
0 0
174.614115716502 250
0 0
174.614115716502 250
0 0
116.540940379522 250
0 0
116.540940379522 250
0 0
116.540940379522 250
0 0
116.540940379522 250
0 0
130.812782650299 250
0 0
130.812782650299 250
0 0
130.812782650299 250
0 0
130.812782650299 250
0 0
174.614115716502 250
0 0
174.614115716502 250
0 0
164.813778456435 250
0 0
164.813778456435 250
0 0
146.832383958704 250
0 0
146.832383958704 250
0 0
130.812782650299 250
0 0
130.812782650299 250
0 0
116.540940379522 500
0 0
174.614115716502 500
0 0
110 500
0 0
164.813778456435 500
0 0
146.832383958704 750
0 0
146.832383958704 250
0 0
123.470825314031 750
0 0
123.470825314031 250
0 0
146.832383958704 750
0 0
146.832383958704 250
0 0
123.470825314031 750
0 0
123.470825314031 250
0 0
146.832383958704 750
0 0
146.832383958704 250
0 0
123.470825314031 750
0 0
123.470825314031 250
0 0
146.832383958704 750
0 0
146.832383958704 250
0 0
123.470825314031 750
0 0
123.470825314031 250
0 0
110 250
0 0
146.832383958704 250
0 0
184.997211355817 250
0 0
146.832383958704 250
0 0
123.470825314031 250
0 0
146.832383958704 250
0 0
184.997211355817 250
0 0
146.832383958704 250
0 0
110 250
0 0
146.832383958704 250
0 0
184.997211355817 250
0 0
146.832383958704 250
0 0
123.470825314031 250
0 0
146.832383958704 250
0 0
184.997211355817 250
0 0
146.832383958704 250
0 0
110 250
0 0
146.832383958704 250
0 0
184.997211355817 250
0 0
146.832383958704 250
0 0
123.470825314031 250
0 0
146.832383958704 250
0 0
184.997211355817 250
0 0
146.832383958704 250
0 0
110 250
0 0
146.832383958704 250
0 0
184.997211355817 250
0 0
146.832383958704 250
0 0
123.470825314031 250
0 0
146.832383958704 250
0 0
184.997211355817 250
0 0
146.832383958704 250
0 0
123.470825314031 250
0 0
164.813778456435 250
0 0
195.997717990875 250
0 0
164.813778456435 250
0 0
123.470825314031 250
0 0
164.813778456435 250
0 0
195.997717990875 250
0 0
164.813778456435 250
0 0
110 250
0 0
164.813778456435 250
0 0
195.997717990875 250
0 0
164.813778456435 250
0 0
110 250
0 0
164.813778456435 250
0 0
195.997717990875 250
0 0
164.813778456435 250
0 0
110 250
0 0
146.832383958704 250
0 0
184.997211355817 250
0 0
146.832383958704 250
0 0
123.470825314031 250
0 0
146.832383958704 250
0 0
184.997211355817 250
0 0
146.832383958704 250
0 0
146.832383958704 750
0 0
146.832383958704 250
0 0
123.470825314031 750
0 0
123.470825314031 250
0 0
146.832383958704 750
0 0
146.832383958704 250
0 0
123.470825314031 750
0 0
123.470825314031 250
0 0
146.832383958704 750
0 0
146.832383958704 250
0 0
123.470825314031 750
0 0
123.470825314031 250
0 0
146.832383958704 750
0 0
146.832383958704 250
0 0
123.470825314031 750
0 0
123.470825314031 250
0 0
146.832383958704 750
0 0
146.832383958704 250
0 0
123.470825314031 750
0 0
123.470825314031 250
0 0
164.813778456435 750
0 0
164.813778456435 250
0 0
164.813778456435 250
0 0
184.997211355817 250
0 0
195.997717990875 500
0 0
110 750
0 0
110 250
0 0
110 250
0 0
123.470825314031 250
0 0
138.591315488436 250
0 0
110 250
0 0
116.540940379522 500
0 0
116.540940379522 250
0 0
116.540940379522 250
0 0
116.540940379522 250
0 0
116.540940379522 250
0 0
116.540940379522 250
0 0
116.540940379522 250
0 0
174.614115716502 250
0 0
174.614115716502 250
0 0
130.812782650299 250
0 0
130.812782650299 250
0 0
116.540940379522 250
0 0
116.540940379522 250
0 0
174.614115716502 250
0 0
174.614115716502 250
0 0
174.614115716502 250
0 0
174.614115716502 250
0 0
130.812782650299 250
0 0
130.812782650299 250
0 0
116.540940379522 250
0 0
116.540940379522 250
0 0
174.614115716502 250
0 0
174.614115716502 250
0 0
116.540940379522 250
0 0
116.540940379522 250
0 0
116.540940379522 250
0 0
116.540940379522 250
0 0
130.812782650299 250
0 0
130.812782650299 250
0 0
130.812782650299 250
0 0
130.812782650299 250
0 0
174.614115716502 250
0 0
174.614115716502 250
0 0
164.813778456435 250
0 0
164.813778456435 250
0 0
146.832383958704 250
0 0
146.832383958704 250
0 0
130.812782650299 250
0 0
130.812782650299 250
0 0
116.540940379522 500
0 0
174.614115716502 500
0 0
110 500
0 0
164.813778456435 500
0 0
146.832383958704 750
0 0
146.832383958704 250
0 0
123.470825314031 750
0 0
123.470825314031 250
0 0
146.832383958704 750
0 0
146.832383958704 250
0 0
123.470825314031 750
0 0
123.470825314031 250
0 0
146.832383958704 750
0 0
146.832383958704 250
0 0
123.470825314031 750
0 0
123.470825314031 250
0 0
146.832383958704 750
0 0
146.832383958704 250
0 0
123.470825314031 750
0 0
123.470825314031 250
0 0
146.832383958704 750
0 0
146.832383958704 250
0 0
123.470825314031 750
0 0
123.470825314031 250
0 0
146.832383958704 750
0 0
146.832383958704 250
0 0
123.470825314031 750
0 0
123.470825314031 250
0 0
146.832383958704 750
0 0
146.832383958704 250
0 0
123.470825314031 750
0 0
123.470825314031 250
0 0
146.832383958704 750
0 0
146.832383958704 250
0 0
123.470825314031 750
0 0
123.470825314031 250
0 0
146.832383958704 750
0 0
146.832383958704 250
0 0
123.470825314031 750
0 0
123.470825314031 250
0 0
146.832383958704 750
0 0
146.832383958704 250
0 0
123.470825314031 750
0 0
123.470825314031 250
0 0
146.832383958704 750
0 0
146.832383958704 250
0 0
123.470825314031 750
0 0
123.470825314031 250
0 0
146.832383958704 750
0 0
146.832383958704 250
0 0
123.470825314031 750
0 0
123.470825314031 250
0 0
146.832383958704 1000
