0 70000
277.182630976872 125
0 0
246.941650628062 125
0 0
277.182630976872 1000
0 0
220 125
0 0
246.941650628062 125
0 0
277.182630976872 125
0 0
293.664767917408 125
0 0
277.182630976872 125
0 0
246.941650628062 125
0 0
277.182630976872 125
0 0
246.941650628062 125
0 0
277.182630976872 1750
0 0
293.664767917408 125
0 0
277.182630976872 125
0 0
293.664767917408 1000
0 0
246.941650628062 125
0 0
277.182630976872 125
0 0
293.664767917408 125
0 0
329.62755691287 125
0 0
369.994422711634 125
0 0
415.304697579945 125
0 0
349.228231433004 125
0 0
369.994422711634 125
0 0
349.228231433004 1750
0 64000
277.182630976872 125
0 0
246.941650628062 125
0 0
277.182630976872 1000
0 0
220 125
0 0
246.941650628062 125
0 0
277.182630976872 125
0 0
293.664767917408 125
0 0
277.182630976872 125
0 0
246.941650628062 125
0 0
277.182630976872 125
0 0
246.941650628062 125
0 0
277.182630976872 1750
0 0
293.664767917408 125
0 0
277.182630976872 125
0 0
293.664767917408 1000
0 0
246.941650628062 125
0 0
277.182630976872 125
0 0
293.664767917408 125
0 0
329.62755691287 125
0 0
369.994422711634 125
0 0
415.304697579945 125
0 0
349.228231433004 125
0 0
369.994422711634 125
0 0
349.228231433004 1750
