0 14125
277.182630976872 125
0 0
369.994422711634 125
0 0
415.304697579945 125
0 0
440 250
0 125
277.182630976872 125
0 0
369.994422711634 125
0 0
415.304697579945 125
0 0
440 625
0 250
293.664767917408 125
0 0
369.994422711634 125
0 0
415.304697579945 125
0 0
440 250
0 125
293.664767917408 125
0 0
369.994422711634 125
0 0
415.304697579945 125
0 0
440 625
0 250
246.941650628062 125
0 0
329.62755691287 125
0 0
369.994422711634 125
0 0
415.304697579945 250
0 125
246.941650628062 125
0 0
329.62755691287 125
0 0
369.994422711634 125
0 0
415.304697579945 625
0 250
369.994422711634 125
0 0
415.304697579945 125
0 0
369.994422711634 125
0 0
349.228231433004 1375
0 250
277.182630976872 125
0 0
369.994422711634 125
0 0
415.304697579945 125
0 0
440 250
0 125
277.182630976872 125
0 0
369.994422711634 125
0 0
415.304697579945 125
0 0
440 625
0 250
293.664767917408 125
0 0
369.994422711634 125
0 0
415.304697579945 125
0 0
440 250
0 125
293.664767917408 125
0 0
369.994422711634 125
0 0
415.304697579945 125
0 0
440 625
0 250
246.941650628062 125
0 0
329.62755691287 125
0 0
369.994422711634 125
0 0
415.304697579945 250
0 125
246.941650628062 125
0 0
329.62755691287 125
0 0
369.994422711634 125
0 0
415.304697579945 625
0 250
440 125
0 0
493.883301256124 125
0 0
440 125
0 0
415.304697579945 1375
0 56250
277.182630976872 125
0 0
369.994422711634 125
0 0
415.304697579945 125
0 0
440 250
0 125
277.182630976872 125
0 0
369.994422711634 125
0 0
415.304697579945 125
0 0
440 625
0 250
293.664767917408 125
0 0
369.994422711634 125
0 0
415.304697579945 125
0 0
440 250
0 125
293.664767917408 125
0 0
369.994422711634 125
0 0
415.304697579945 125
0 0
440 625
0 250
246.941650628062 125
0 0
329.62755691287 125
0 0
369.994422711634 125
0 0
415.304697579945 250
0 125
246.941650628062 125
0 0
329.62755691287 125
0 0
369.994422711634 125
0 0
415.304697579945 625
0 250
369.994422711634 125
0 0
415.304697579945 125
0 0
369.994422711634 125
0 0
349.228231433004 1375
0 250
277.182630976872 125
0 0
369.994422711634 125
0 0
415.304697579945 125
0 0
440 250
0 125
277.182630976872 125
0 0
369.994422711634 125
0 0
415.304697579945 125
0 0
440 625
0 250
293.664767917408 125
0 0
369.994422711634 125
0 0
415.304697579945 125
0 0
440 250
0 125
293.664767917408 125
0 0
369.994422711634 125
0 0
415.304697579945 125
0 0
440 625
0 250
246.941650628062 125
0 0
329.62755691287 125
0 0
369.994422711634 125
0 0
415.304697579945 250
0 125
246.941650628062 125
0 0
329.62755691287 125
0 0
369.994422711634 125
0 0
415.304697579945 625
0 250
440 125
0 0
493.883301256124 125
0 0
440 125
0 0
415.304697579945 1375
