0 0
146.832383958704 125
0 0
207.652348789973 125
0 0
293.664767917408 250
0 0
369.994422711634 125
0 125
440 125
0 125
440 0
0 0
103.826174394986 125
0 0
77.7817459305202 125
0 0
73.4161919793519 125
0 0
69.295657744218 125
0 1125
69.295657744218 0
0 27500
277.182630976872 375
0 0
440 375
0 0
415.304697579945 375
0 0
369.994422711634 375
0 0
277.182630976872 250
0 0
329.62755691287 500
0 0
329.62755691287 375
0 0
293.664767917408 1125
0 250
246.941650628062 375
0 0
415.304697579945 375
0 0
369.994422711634 375
0 0
329.62755691287 375
0 0
293.664767917408 250
0 0
277.182630976872 500
0 0
293.664767917408 375
0 0
277.182630976872 1000
0 375
277.182630976872 375
0 0
440 375
0 0
415.304697579945 375
0 0
369.994422711634 375
0 0
277.182630976872 250
0 0
329.62755691287 500
0 0
329.62755691287 375
0 0
293.664767917408 875
0 0
220 250
0 0
246.941650628062 750
0 0
369.994422711634 250
0 0
246.941650628062 750
0 0
207.652348789973 250
0 0
207.652348789973 1875
0 0
440 375
0 0
415.304697579945 375
0 0
440 375
0 0
415.304697579945 375
0 0
277.182630976872 250
0 0
329.62755691287 625
0 0
293.664767917408 125
0 0
277.182630976872 125
0 0
293.664767917408 1000
0 375
415.304697579945 375
0 0
369.994422711634 375
0 0
415.304697579945 375
0 0
329.62755691287 375
0 0
293.664767917408 250
0 0
277.182630976872 500
0 0
293.664767917408 375
0 0
277.182630976872 1000
0 375
184.997211355817 125
0 0
207.652348789973 125
0 0
220 125
0 0
277.182630976872 375
0 0
184.997211355817 125
0 0
207.652348789973 125
0 0
220 125
0 0
277.182630976872 500
0 375
184.997211355817 125
0 0
207.652348789973 125
0 0
220 125
0 0
293.664767917408 375
0 0
184.997211355817 125
0 0
207.652348789973 125
0 0
220 125
0 0
293.664767917408 375
0 0
220 250
0 0
246.941650628062 750
0 0
415.304697579945 250
0 0
369.994422711634 750
0 0
246.941650628062 250
0 0
207.652348789973 1875
0 0
184.997211355817 250
0 0
220 125
0 0
207.652348789973 375
0 0
220 250
0 0
184.997211355817 250
0 0
220 125
0 0
207.652348789973 375
0 0
220 250
0 0
146.832383958704 250
0 0
220 125
0 0
207.652348789973 375
0 0
220 250
0 0
146.832383958704 250
0 0
220 125
0 0
207.652348789973 375
0 0
220 250
0 0
164.813778456435 250
0 0
246.941650628062 125
0 0
233.081880759045 375
0 0
246.941650628062 250
0 0
164.813778456435 250
0 0
246.941650628062 125
0 0
233.081880759045 375
0 0
246.941650628062 250
0 0
293.664767917408 125
0 0
329.62755691287 125
0 0
293.664767917408 125
0 0
277.182630976872 1500
0 16375
277.182630976872 375
0 0
440 375
0 0
415.304697579945 375
0 0
369.994422711634 375
0 0
277.182630976872 250
0 0
329.62755691287 500
0 0
329.62755691287 375
0 0
293.664767917408 1125
0 250
246.941650628062 375
0 0
415.304697579945 375
0 0
369.994422711634 375
0 0
329.62755691287 375
0 0
293.664767917408 250
0 0
277.182630976872 500
0 0
293.664767917408 375
0 0
277.182630976872 1000
0 375
277.182630976872 375
0 0
440 375
0 0
415.304697579945 375
0 0
369.994422711634 375
0 0
277.182630976872 250
0 0
329.62755691287 500
0 0
329.62755691287 375
0 0
293.664767917408 875
0 0
220 250
0 0
246.941650628062 750
0 0
369.994422711634 250
0 0
246.941650628062 750
0 0
207.652348789973 250
0 0
207.652348789973 1875
0 0
440 375
0 0
415.304697579945 375
0 0
440 375
0 0
415.304697579945 375
0 0
277.182630976872 250
0 0
329.62755691287 625
0 0
293.664767917408 125
0 0
277.182630976872 125
0 0
293.664767917408 1000
0 375
415.304697579945 375
0 0
369.994422711634 375
0 0
415.304697579945 375
0 0
329.62755691287 375
0 0
293.664767917408 250
0 0
277.182630976872 500
0 0
293.664767917408 375
0 0
277.182630976872 1000
0 375
184.997211355817 125
0 0
207.652348789973 125
0 0
220 125
0 0
277.182630976872 375
0 0
184.997211355817 125
0 0
207.652348789973 125
0 0
220 125
0 0
277.182630976872 500
0 375
184.997211355817 125
0 0
207.652348789973 125
0 0
220 125
0 0
293.664767917408 375
0 0
184.997211355817 125
0 0
207.652348789973 125
0 0
220 125
0 0
293.664767917408 375
0 0
220 250
0 0
246.941650628062 750
0 0
415.304697579945 250
0 0
369.994422711634 750
0 0
246.941650628062 250
0 0
207.652348789973 1875
0 0
184.997211355817 250
0 0
220 125
0 0
207.652348789973 375
0 0
220 250
0 0
184.997211355817 250
0 0
220 125
0 0
207.652348789973 375
0 0
220 250
0 0
146.832383958704 250
0 0
220 125
0 0
207.652348789973 375
0 0
220 250
0 0
146.832383958704 250
0 0
220 125
0 0
207.652348789973 375
0 0
220 250
0 0
164.813778456435 250
0 0
246.941650628062 125
0 0
233.081880759045 375
0 0
246.941650628062 250
0 0
164.813778456435 250
0 0
246.941650628062 125
0 0
233.081880759045 375
0 0
246.941650628062 250
0 0
293.664767917408 125
0 0
329.62755691287 125
0 0
293.664767917408 125
0 0
277.182630976872 1500
