0 0
277.182630976872 800.001
0 0
1046.50226120239 200.00025
0 0
1046.50226120239 200.00025
0 0
1046.50226120239 133.3335
0 0
523.251130601197 66.66675
0 0
523.251130601197 66.66675
0 0
554.365261953744 66.66675
0 0
622.253967444162 66.66675
0 0
830.60939515989 66.66675
0 0
698.456462866008 66.66675
0 0
1108.73052390749 66.66675
0 0
1046.50226120239 66.66675
0 0
622.253967444162 66.66675
0 0
932.32752303618 66.66675
0 0
554.365261953744 66.66675
0 0
830.60939515989 66.66675
0 0
622.253967444162 66.66675
0 0
739.988845423269 25.00003125
0 0
932.32752303618 41.66671875
0 0
1108.73052390749 25.00003125
0 0
1046.50226120239 41.66671875
0 0
830.60939515989 25.00003125
0 0
698.456462866008 41.66671875
0 0
622.253967444162 25.00003125
0 0
698.456462866008 41.66671875
0 0
554.365261953744 25.00003125
0 0
523.251130601197 41.66671875
0 0
415.304697579945 25.00003125
0 0
466.16376151809 41.66671875
0 0
369.994422711634 25.00003125
0 0
349.228231433004 41.66671875
0 0
349.228231433004 800.001
0 0
1046.50226120239 200.00025
0 0
1046.50226120239 200.00025
0 0
1046.50226120239 133.3335
0 0
277.182630976872 800.001
0 0
1244.50793488832 200.00025
0 0
1244.50793488832 200.00025
0 0
1244.50793488832 133.3335
0 0
277.182630976872 800.001
0 0
1046.50226120239 200.00025
0 0
1046.50226120239 200.00025
0 0
1046.50226120239 133.3335
0 0
523.251130601197 66.66675
0 0
523.251130601197 66.66675
0 0
554.365261953744 66.66675
0 0
622.253967444162 66.66675
0 0
830.60939515989 66.66675
0 0
698.456462866008 66.66675
0 0
1108.73052390749 66.66675
0 0
1046.50226120239 66.66675
0 0
622.253967444162 66.66675
0 0
932.32752303618 66.66675
0 0
554.365261953744 66.66675
0 0
830.60939515989 66.66675
0 0
622.253967444162 66.66675
0 0
739.988845423269 25.00003125
0 0
932.32752303618 41.66671875
0 0
1108.73052390749 25.00003125
0 0
1046.50226120239 41.66671875
0 0
830.60939515989 25.00003125
0 0
698.456462866008 41.66671875
0 0
622.253967444162 25.00003125
0 0
698.456462866008 41.66671875
0 0
554.365261953744 25.00003125
0 0
523.251130601197 41.66671875
0 0
415.304697579945 25.00003125
0 0
466.16376151809 41.66671875
0 0
369.994422711634 25.00003125
0 0
349.228231433004 41.66671875
0 0
349.228231433004 800.001
0 0
1046.50226120239 200.00025
0 0
1046.50226120239 200.00025
0 0
1046.50226120239 133.3335
0 0
277.182630976872 800.001
0 0
1244.50793488832 200.00025
0 0
1244.50793488832 200.00025
0 0
1244.50793488832 133.3335
0 0
277.182630976872 533.334
0 0
261.625565300599 533.334
0 0
391.995435981749 533.334
0 0
369.994422711634 533.334
0 0
277.182630976872 133.3335
0 0
1108.73052390749 133.3335
0 0
277.182630976872 133.3335
0 0
1108.73052390749 133.3335
0 0
261.625565300599 133.3335
0 0
1046.50226120239 133.3335
0 0
261.625565300599 133.3335
0 0
1046.50226120239 133.3335
0 0
391.995435981749 133.3335
0 0
1318.51022765148 133.3335
0 0
391.995435981749 133.3335
0 0
1318.51022765148 133.3335
0 0
369.994422711634 133.3335
0 0
1244.50793488832 133.3335
0 0
369.994422711634 133.3335
0 0
1244.50793488832 133.3335
0 0
277.182630976872 133.3335
0 0
1108.73052390749 133.3335
0 0
277.182630976872 133.3335
0 0
1108.73052390749 133.3335
0 0
261.625565300599 133.3335
0 0
1046.50226120239 133.3335
0 0
261.625565300599 133.3335
0 0
1046.50226120239 133.3335
0 0
391.995435981749 133.3335
0 0
1318.51022765148 133.3335
0 0
391.995435981749 133.3335
0 0
1318.51022765148 133.3335
0 0
369.994422711634 133.3335
0 0
1244.50793488832 133.3335
0 0
369.994422711634 133.3335
0 0
1244.50793488832 133.3335
0 0
698.456462866008 133.3335
0 0
1108.73052390749 133.3335
0 0
554.365261953744 133.3335
0 0
1108.73052390749 133.3335
0 0
659.25511382574 133.3335
0 0
1046.50226120239 133.3335
0 0
523.251130601197 133.3335
0 0
1046.50226120239 133.3335
0 0
783.990871963498 133.3335
0 0
1318.51022765148 133.3335
0 0
659.25511382574 133.3335
0 0
1318.51022765148 133.3335
0 0
622.253967444162 533.334
0 0
277.182630976872 533.334
0 0
311.126983722081 533.334
0 0
277.182630976872 533.334
0 0
233.081880759045 533.334
0 0
277.182630976872 533.334
0 0
311.126983722081 533.334
0 0
277.182630976872 533.334
0 0
277.182630976872 533.334
0 0
277.182630976872 533.334
0 0
311.126983722081 533.334
0 0
277.182630976872 533.334
0 0
233.081880759045 533.334
0 0
277.182630976872 533.334
0 0
311.126983722081 533.334
0 0
277.182630976872 533.334
0 0
277.182630976872 533.334
0 0
277.182630976872 533.334
0 0
311.126983722081 533.334
0 0
277.182630976872 533.334
0 0
233.081880759045 533.334
0 0
277.182630976872 533.334
0 0
311.126983722081 533.334
0 0
277.182630976872 533.334
0 0
277.182630976872 533.334
0 0
277.182630976872 533.334
0 0
311.126983722081 533.334
0 0
277.182630976872 533.334
0 0
233.081880759045 533.334
0 0
277.182630976872 533.334
0 0
311.126983722081 533.334
0 0
277.182630976872 533.334
0 0
277.182630976872 533.334
0 0
622.253967444162 1600.002
0 0
587.329535834815 1600.002
0 0
349.228231433004 533.334
0 0
391.995435981749 533.334
0 0
440 533.334
0 0
440 266.667
0 0
391.995435981749 266.667
0 0
349.228231433004 533.334
0 0
391.995435981749 533.334
0 0
391.995435981749 533.334
0 0
440 266.667
0 0
391.995435981749 266.667
0 0
349.228231433004 533.334
0 0
391.995435981749 533.334
0 0
440 533.334
0 0
440 266.667
0 0
391.995435981749 266.667
0 0
349.228231433004 533.334
0 0
391.995435981749 533.334
0 0
391.995435981749 533.334
0 0
1108.73052390749 200.00025
0 0
1108.73052390749 200.00025
0 0
1108.73052390749 133.3335
0 0
277.182630976872 533.334
0 0
261.625565300599 533.334
0 0
329.62755691287 533.334
0 0
311.126983722081 533.334
0 0
277.182630976872 133.3335
0 0
1108.73052390749 133.3335
0 0
233.081880759045 133.3335
0 0
1108.73052390749 133.3335
0 0
261.625565300599 133.3335
0 0
1046.50226120239 133.3335
0 0
220 133.3335
0 0
1046.50226120239 133.3335
0 0
329.62755691287 133.3335
0 0
1318.51022765148 133.3335
0 0
261.625565300599 133.3335
0 0
1318.51022765148 133.3335
0 0
246.941650628062 133.3335
0 0
1244.50793488832 133.3335
0 0
246.941650628062 133.3335
0 0
1244.50793488832 133.3335
0 0
277.182630976872 133.3335
0 0
1108.73052390749 133.3335
0 0
233.081880759045 133.3335
0 0
1108.73052390749 133.3335
0 0
261.625565300599 133.3335
0 0
1046.50226120239 133.3335
0 0
220 133.3335
0 0
1046.50226120239 133.3335
0 0
329.62755691287 133.3335
0 0
1318.51022765148 133.3335
0 0
261.625565300599 133.3335
0 0
1318.51022765148 133.3335
0 0
246.941650628062 133.3335
0 0
1244.50793488832 133.3335
0 0
311.126983722081 133.3335
0 0
1244.50793488832 133.3335
0 0
698.456462866008 133.3335
0 0
1108.73052390749 133.3335
0 0
554.365261953744 133.3335
0 0
1108.73052390749 133.3335
0 0
659.25511382574 133.3335
0 0
1046.50226120239 133.3335
0 0
523.251130601197 133.3335
0 0
1046.50226120239 133.3335
0 0
783.990871963498 133.3335
0 0
1318.51022765148 133.3335
0 0
659.25511382574 133.3335
0 0
1318.51022765148 133.3335
0 0
622.253967444162 533.334
0 0
277.182630976872 533.334
0 0
261.625565300599 533.334
0 0
391.995435981749 533.334
0 0
369.994422711634 533.334
0 0
277.182630976872 133.3335
0 0
1108.73052390749 133.3335
0 0
277.182630976872 133.3335
0 0
1108.73052390749 133.3335
0 0
261.625565300599 133.3335
0 0
1046.50226120239 133.3335
0 0
261.625565300599 133.3335
0 0
1046.50226120239 133.3335
0 0
391.995435981749 133.3335
0 0
1318.51022765148 133.3335
0 0
391.995435981749 133.3335
0 0
1318.51022765148 133.3335
0 0
369.994422711634 133.3335
0 0
1244.50793488832 133.3335
0 0
369.994422711634 133.3335
0 0
1244.50793488832 133.3335
0 0
277.182630976872 133.3335
0 0
1108.73052390749 133.3335
0 0
277.182630976872 133.3335
0 0
1108.73052390749 133.3335
0 0
261.625565300599 133.3335
0 0
1046.50226120239 133.3335
0 0
261.625565300599 133.3335
0 0
1046.50226120239 133.3335
0 0
391.995435981749 133.3335
0 0
1318.51022765148 133.3335
0 0
391.995435981749 133.3335
0 0
1318.51022765148 133.3335
0 0
369.994422711634 133.3335
0 0
1244.50793488832 133.3335
0 0
369.994422711634 133.3335
0 0
1244.50793488832 133.3335
0 0
698.456462866008 133.3335
0 0
1108.73052390749 133.3335
0 0
554.365261953744 133.3335
0 0
1108.73052390749 133.3335
0 0
659.25511382574 133.3335
0 0
1046.50226120239 133.3335
0 0
523.251130601197 133.3335
0 0
1046.50226120239 133.3335
0 0
783.990871963498 133.3335
0 0
1318.51022765148 133.3335
0 0
659.25511382574 133.3335
0 0
1318.51022765148 133.3335
0 0
622.253967444162 533.334
0 533.334
277.182630976872 533.334
0 0
311.126983722081 533.334
0 0
277.182630976872 533.334
0 0
233.081880759045 533.334
0 0
277.182630976872 533.334
0 0
311.126983722081 533.334
0 0
277.182630976872 533.334
0 0
277.182630976872 533.334
0 0
277.182630976872 533.334
0 0
311.126983722081 533.334
0 0
277.182630976872 533.334
0 0
233.081880759045 533.334
0 0
277.182630976872 533.334
0 0
311.126983722081 533.334
0 0
277.182630976872 533.334
0 0
277.182630976872 533.334
0 0
277.182630976872 533.334
0 0
311.126983722081 533.334
0 0
277.182630976872 533.334
0 0
233.081880759045 533.334
0 0
277.182630976872 533.334
0 0
311.126983722081 533.334
0 0
277.182630976872 533.334
0 0
277.182630976872 533.334
0 0
277.182630976872 533.334
0 0
311.126983722081 533.334
0 0
277.182630976872 533.334
0 0
233.081880759045 533.334
0 0
277.182630976872 533.334
0 0
311.126983722081 533.334
0 0
277.182630976872 533.334
0 0
277.182630976872 533.334
0 0
277.182630976872 800.001
0 0
1046.50226120239 200.00025
0 0
1046.50226120239 200.00025
0 0
1046.50226120239 133.3335
0 0
523.251130601197 66.66675
0 0
523.251130601197 66.66675
0 0
554.365261953744 66.66675
0 0
622.253967444162 66.66675
0 0
830.60939515989 66.66675
0 0
698.456462866008 66.66675
0 0
1108.73052390749 66.66675
0 0
1046.50226120239 66.66675
0 0
622.253967444162 66.66675
0 0
932.32752303618 66.66675
0 0
554.365261953744 66.66675
0 0
830.60939515989 66.66675
0 0
622.253967444162 66.66675
0 0
739.988845423269 25.00003125
0 0
932.32752303618 41.66671875
0 0
1108.73052390749 25.00003125
0 0
1046.50226120239 41.66671875
0 0
830.60939515989 25.00003125
0 0
698.456462866008 41.66671875
0 0
622.253967444162 25.00003125
0 0
698.456462866008 41.66671875
0 0
554.365261953744 25.00003125
0 0
523.251130601197 41.66671875
0 0
415.304697579945 25.00003125
0 0
466.16376151809 41.66671875
0 0
369.994422711634 25.00003125
0 0
349.228231433004 41.66671875
0 0
349.228231433004 800.001
0 0
1046.50226120239 200.00025
0 0
1046.50226120239 200.00025
0 0
1046.50226120239 133.3335
0 0
277.182630976872 800.001
0 0
1244.50793488832 200.00025
0 0
1244.50793488832 200.00025
0 0
1244.50793488832 133.3335
0 0
277.182630976872 800.001
0 0
1046.50226120239 200.00025
0 0
1046.50226120239 200.00025
0 0
1046.50226120239 133.3335
0 0
523.251130601197 66.66675
0 0
523.251130601197 66.66675
0 0
554.365261953744 66.66675
0 0
622.253967444162 66.66675
0 0
830.60939515989 66.66675
0 0
698.456462866008 66.66675
0 0
1108.73052390749 66.66675
0 0
1046.50226120239 66.66675
0 0
622.253967444162 66.66675
0 0
932.32752303618 66.66675
0 0
554.365261953744 66.66675
0 0
830.60939515989 66.66675
0 0
622.253967444162 66.66675
0 0
739.988845423269 25.00003125
0 0
932.32752303618 41.66671875
0 0
1108.73052390749 25.00003125
0 0
1046.50226120239 41.66671875
0 0
830.60939515989 25.00003125
0 0
698.456462866008 41.66671875
0 0
622.253967444162 25.00003125
0 0
698.456462866008 41.66671875
0 0
554.365261953744 25.00003125
0 0
523.251130601197 41.66671875
0 0
415.304697579945 25.00003125
0 0
466.16376151809 41.66671875
0 0
369.994422711634 25.00003125
0 0
349.228231433004 41.66671875
0 0
349.228231433004 800.001
0 0
1046.50226120239 200.00025
0 0
1046.50226120239 200.00025
0 0
1046.50226120239 133.3335
0 0
277.182630976872 800.001
0 0
1244.50793488832 200.00025
0 0
1244.50793488832 200.00025
0 0
1244.50793488832 133.3335
0 0
277.182630976872 533.334
0 0
261.625565300599 533.334
0 0
391.995435981749 533.334
0 0
369.994422711634 533.334
0 0
277.182630976872 133.3335
0 0
1108.73052390749 133.3335
0 0
277.182630976872 133.3335
0 0
1108.73052390749 133.3335
0 0
261.625565300599 133.3335
0 0
1046.50226120239 133.3335
0 0
261.625565300599 133.3335
0 0
1046.50226120239 133.3335
0 0
391.995435981749 133.3335
0 0
1318.51022765148 133.3335
0 0
391.995435981749 133.3335
0 0
1318.51022765148 133.3335
0 0
369.994422711634 133.3335
0 0
1244.50793488832 133.3335
0 0
369.994422711634 133.3335
0 0
1244.50793488832 133.3335
0 0
277.182630976872 133.3335
0 0
1108.73052390749 133.3335
0 0
277.182630976872 133.3335
0 0
1108.73052390749 133.3335
0 0
261.625565300599 133.3335
0 0
1046.50226120239 133.3335
0 0
261.625565300599 133.3335
0 0
1046.50226120239 133.3335
0 0
391.995435981749 133.3335
0 0
1318.51022765148 133.3335
0 0
391.995435981749 133.3335
0 0
1318.51022765148 133.3335
0 0
369.994422711634 133.3335
0 0
1244.50793488832 133.3335
0 0
369.994422711634 133.3335
0 0
1244.50793488832 133.3335
0 0
698.456462866008 133.3335
0 0
1108.73052390749 133.3335
0 0
554.365261953744 133.3335
0 0
1108.73052390749 133.3335
0 0
659.25511382574 133.3335
0 0
1046.50226120239 133.3335
0 0
523.251130601197 133.3335
0 0
1046.50226120239 133.3335
0 0
783.990871963498 133.3335
0 0
1318.51022765148 133.3335
0 0
659.25511382574 133.3335
0 0
1318.51022765148 133.3335
0 0
622.253967444162 533.334
0 0
277.182630976872 533.334
0 0
311.126983722081 533.334
0 0
277.182630976872 533.334
0 0
233.081880759045 533.334
0 0
277.182630976872 533.334
0 0
311.126983722081 533.334
0 0
277.182630976872 533.334
0 0
277.182630976872 533.334
0 0
277.182630976872 533.334
0 0
311.126983722081 533.334
0 0
277.182630976872 533.334
0 0
233.081880759045 533.334
0 0
277.182630976872 533.334
0 0
311.126983722081 533.334
0 0
277.182630976872 533.334
0 0
277.182630976872 533.334
0 0
277.182630976872 533.334
0 0
311.126983722081 533.334
0 0
277.182630976872 533.334
0 0
233.081880759045 533.334
0 0
277.182630976872 533.334
0 0
311.126983722081 533.334
0 0
277.182630976872 533.334
0 0
277.182630976872 533.334
0 0
277.182630976872 533.334
0 0
311.126983722081 533.334
0 0
277.182630976872 533.334
0 0
233.081880759045 533.334
0 0
277.182630976872 533.334
0 0
311.126983722081 533.334
0 0
277.182630976872 533.334
0 0
277.182630976872 533.334
0 0
622.253967444162 1600.002
0 0
587.329535834815 1600.002
0 0
349.228231433004 533.334
0 0
391.995435981749 533.334
0 0
440 533.334
0 0
440 266.667
0 0
391.995435981749 266.667
0 0
349.228231433004 533.334
0 0
391.995435981749 533.334
0 0
391.995435981749 533.334
0 0
440 266.667
0 0
391.995435981749 266.667
0 0
349.228231433004 533.334
0 0
391.995435981749 533.334
0 0
440 533.334
0 0
440 266.667
0 0
391.995435981749 266.667
0 0
349.228231433004 533.334
0 0
391.995435981749 533.334
0 0
391.995435981749 533.334
0 0
1108.73052390749 200.00025
0 0
1108.73052390749 200.00025
0 0
1108.73052390749 133.3335
0 0
277.182630976872 533.334
0 0
261.625565300599 533.334
0 0
329.62755691287 533.334
0 0
311.126983722081 533.334
0 0
277.182630976872 133.3335
0 0
1108.73052390749 133.3335
0 0
233.081880759045 133.3335
0 0
1108.73052390749 133.3335
0 0
261.625565300599 133.3335
0 0
1046.50226120239 133.3335
0 0
220 133.3335
0 0
1046.50226120239 133.3335
0 0
329.62755691287 133.3335
0 0
1318.51022765148 133.3335
0 0
261.625565300599 133.3335
0 0
1318.51022765148 133.3335
0 0
246.941650628062 133.3335
0 0
1244.50793488832 133.3335
0 0
246.941650628062 133.3335
0 0
1244.50793488832 133.3335
0 0
277.182630976872 133.3335
0 0
1108.73052390749 133.3335
0 0
233.081880759045 133.3335
0 0
1108.73052390749 133.3335
0 0
261.625565300599 133.3335
0 0
1046.50226120239 133.3335
0 0
220 133.3335
0 0
1046.50226120239 133.3335
0 0
329.62755691287 133.3335
0 0
1318.51022765148 133.3335
0 0
261.625565300599 133.3335
0 0
1318.51022765148 133.3335
0 0
246.941650628062 133.3335
0 0
1244.50793488832 133.3335
0 0
311.126983722081 133.3335
0 0
1244.50793488832 133.3335
0 0
698.456462866008 133.3335
0 0
1108.73052390749 133.3335
0 0
554.365261953744 133.3335
0 0
1108.73052390749 133.3335
0 0
659.25511382574 133.3335
0 0
1046.50226120239 133.3335
0 0
523.251130601197 133.3335
0 0
1046.50226120239 133.3335
0 0
783.990871963498 133.3335
0 0
1318.51022765148 133.3335
0 0
659.25511382574 133.3335
0 0
1318.51022765148 133.3335
0 0
622.253967444162 533.334
0 0
277.182630976872 533.334
0 0
261.625565300599 533.334
0 0
391.995435981749 533.334
0 0
369.994422711634 533.334
0 0
277.182630976872 133.3335
0 0
1108.73052390749 133.3335
0 0
277.182630976872 133.3335
0 0
1108.73052390749 133.3335
0 0
261.625565300599 133.3335
0 0
1046.50226120239 133.3335
0 0
261.625565300599 133.3335
0 0
1046.50226120239 133.3335
0 0
391.995435981749 133.3335
0 0
1318.51022765148 133.3335
0 0
391.995435981749 133.3335
0 0
1318.51022765148 133.3335
0 0
369.994422711634 133.3335
0 0
1244.50793488832 133.3335
0 0
369.994422711634 133.3335
0 0
1244.50793488832 133.3335
0 0
277.182630976872 133.3335
0 0
1108.73052390749 133.3335
0 0
277.182630976872 133.3335
0 0
1108.73052390749 133.3335
0 0
261.625565300599 133.3335
0 0
1046.50226120239 133.3335
0 0
261.625565300599 133.3335
0 0
1046.50226120239 133.3335
0 0
391.995435981749 133.3335
0 0
1318.51022765148 133.3335
0 0
391.995435981749 133.3335
0 0
1318.51022765148 133.3335
0 0
369.994422711634 133.3335
0 0
1244.50793488832 133.3335
0 0
369.994422711634 133.3335
0 0
1244.50793488832 133.3335
0 0
698.456462866008 133.3335
0 0
1108.73052390749 133.3335
0 0
554.365261953744 133.3335
0 0
1108.73052390749 133.3335
0 0
659.25511382574 133.3335
0 0
1046.50226120239 133.3335
0 0
523.251130601197 133.3335
0 0
1046.50226120239 133.3335
0 0
783.990871963498 133.3335
0 0
1318.51022765148 133.3335
0 0
659.25511382574 133.3335
0 0
1318.51022765148 133.3335
0 0
622.253967444162 533.334
0 533.334
277.182630976872 533.334
0 0
311.126983722081 533.334
0 0
277.182630976872 533.334
0 0
233.081880759045 533.334
0 0
277.182630976872 533.334
0 0
311.126983722081 533.334
0 0
277.182630976872 533.334
0 0
277.182630976872 533.334
0 0
277.182630976872 533.334
0 0
311.126983722081 533.334
0 0
277.182630976872 533.334
0 0
233.081880759045 533.334
0 0
277.182630976872 533.334
0 0
311.126983722081 533.334
0 0
277.182630976872 533.334
0 0
277.182630976872 533.334
0 0
277.182630976872 533.334
0 0
311.126983722081 533.334
0 0
277.182630976872 533.334
0 0
233.081880759045 533.334
0 0
277.182630976872 533.334
0 0
311.126983722081 533.334
0 0
277.182630976872 533.334
0 0
277.182630976872 533.334
0 0
277.182630976872 533.334
0 0
311.126983722081 533.334
0 0
277.182630976872 533.334
0 0
233.081880759045 533.334
0 0
277.182630976872 533.334
0 0
311.126983722081 533.334
0 0
277.182630976872 533.334
0 0
277.182630976872 533.334
