0 5625
698.456462866008 250
0 125
349.228231433004 374.21875
0 188.28125
523.251130601197 186.71875
0 0.78125
493.883301256124 92.96875
0 0.78125
523.251130601197 92.96875
0 0.78125
493.883301256124 92.96875
0 0.78125
523.251130601197 92.96875
0 0.78125
493.883301256124 92.96875
0 94.53125
523.251130601197 92.96875
0 94.53125
415.304697579945 374.21875
0 0.78125
349.228231433004 374.21875
0 188.28125
349.228231433004 92.96875
0 94.53125
415.304697579945 92.96875
0 94.53125
523.251130601197 92.96875
0 94.53125
554.365261953744 374.21875
0 0.78125
415.304697579945 374.21875
0 0.78125
554.365261953744 374.21875
0 0.78125
622.253967444162 374.21875
0 0.78125
523.251130601197 186.71875
0 0.78125
554.365261953744 186.71875
0 0.78125
523.251130601197 186.71875
0 0.78125
554.365261953744 186.71875
0 0.78125
523.251130601197 186.71875
0 188.28125
698.456462866008 374.21875
0 0.78125
349.228231433004 374.21875
0 188.28125
523.251130601197 186.71875
0 0.78125
493.883301256124 92.96875
0 0.78125
523.251130601197 92.96875
0 0.78125
493.883301256124 92.96875
0 0.78125
523.251130601197 92.96875
0 0.78125
493.883301256124 92.96875
0 94.53125
523.251130601197 92.96875
0 94.53125
415.304697579945 374.21875
0 0.78125
349.228231433004 374.21875
0 188.28125
349.228231433004 92.96875
0 94.53125
415.304697579945 92.96875
0 94.53125
523.251130601197 92.96875
0 94.53125
554.365261953744 374.21875
0 0.78125
415.304697579945 374.21875
0 0.78125
554.365261953744 374.21875
0 0.78125
622.253967444162 374.21875
0 0.78125
523.251130601197 186.71875
0 0.78125
554.365261953744 186.71875
0 0.78125
523.251130601197 186.71875
0 0.78125
554.365261953744 186.71875
0 0.78125
523.251130601197 186.71875
0 188.28125
698.456462866008 374.21875
