0 5625
349.228231433004 250
0 125
174.614115716502 374.21875
0 188.28125
261.625565300599 186.71875
0 0.78125
246.941650628062 92.96875
0 0.78125
261.625565300599 92.96875
0 0.78125
246.941650628062 92.96875
0 0.78125
261.625565300599 92.96875
0 0.78125
246.941650628062 92.96875
0 94.53125
261.625565300599 92.96875
0 94.53125
207.652348789973 374.21875
0 0.78125
174.614115716502 374.21875
0 188.28125
174.614115716502 92.96875
0 94.53125
207.652348789973 92.96875
0 94.53125
261.625565300599 92.96875
0 94.53125
277.182630976872 374.21875
0 0.78125
207.652348789973 374.21875
0 0.78125
277.182630976872 374.21875
0 0.78125
311.126983722081 374.21875
0 0.78125
261.625565300599 186.71875
0 0.78125
277.182630976872 186.71875
0 0.78125
261.625565300599 186.71875
0 0.78125
277.182630976872 186.71875
0 0.78125
261.625565300599 186.71875
0 188.28125
174.614115716502 374.21875
0 0.78125
174.614115716502 374.21875
0 188.28125
261.625565300599 186.71875
0 0.78125
246.941650628062 92.96875
0 0.78125
261.625565300599 92.96875
0 0.78125
246.941650628062 92.96875
0 0.78125
261.625565300599 92.96875
0 0.78125
246.941650628062 92.96875
0 94.53125
261.625565300599 92.96875
0 94.53125
207.652348789973 374.21875
0 0.78125
174.614115716502 374.21875
0 188.28125
174.614115716502 92.96875
0 94.53125
207.652348789973 92.96875
0 94.53125
261.625565300599 92.96875
0 94.53125
277.182630976872 374.21875
0 0.78125
207.652348789973 374.21875
0 0.78125
277.182630976872 374.21875
0 0.78125
311.126983722081 374.21875
0 0.78125
261.625565300599 186.71875
0 0.78125
277.182630976872 186.71875
0 0.78125
261.625565300599 186.71875
0 0.78125
277.182630976872 186.71875
0 0.78125
261.625565300599 186.71875
0 188.28125
174.614115716502 374.21875
