0 18000
43.6535289291255 124.21875
0 250.78125
51.9130871974931 124.21875
0 250.78125
65.4063913251497 124.21875
0 250.78125
51.9130871974931 124.21875
0 250.78125
43.6535289291255 177.34375
0 197.65625
51.9130871974931 177.34375
0 197.65625
69.295657744218 88.28125
0 99.21875
65.4063913251497 88.28125
0 99.21875
51.9130871974931 177.34375
0 197.65625
43.6535289291255 124.21875
0 250.78125
51.9130871974931 124.21875
0 250.78125
65.4063913251497 124.21875
0 250.78125
51.9130871974931 124.21875
0 250.78125
43.6535289291255 124.21875
0 250.78125
51.9130871974931 124.21875
0 250.78125
65.4063913251497 124.21875
0 250.78125
51.9130871974931 124.21875
0 250.78125
69.295657744218 177.34375
0 197.65625
87.307057858251 177.34375
0 197.65625
103.826174394986 177.34375
0 197.65625
87.307057858251 177.34375
0 197.65625
65.4063913251497 177.34375
0 197.65625
82.4068892282175 177.34375
0 197.65625
65.4063913251497 177.34375
0 197.65625
48.9994294977187 177.34375
0 197.65625
43.6535289291255 124.21875
0 250.78125
51.9130871974931 124.21875
0 250.78125
65.4063913251497 124.21875
0 250.78125
51.9130871974931 124.21875
0 250.78125
43.6535289291255 124.21875
0 250.78125
51.9130871974931 124.21875
0 250.78125
65.4063913251497 124.21875
0 250.78125
51.9130871974931 124.21875
0 250.78125
69.295657744218 177.34375
0 197.65625
87.307057858251 177.34375
0 197.65625
103.826174394986 177.34375
0 197.65625
87.307057858251 177.34375
0 197.65625
65.4063913251497 177.34375
0 197.65625
82.4068892282175 177.34375
0 197.65625
65.4063913251497 177.34375
0 197.65625
48.9994294977187 177.34375
0 3197.65625
65.4063913251497 355.46875
0 19.53125
77.7817459305202 177.34375
0 10.15625
77.7817459305202 177.34375
0 10.15625
97.9988589954373 177.34375
0 10.15625
97.9988589954373 177.34375
0 10.15625
77.7817459305202 177.34375
0 197.65625
69.295657744218 177.34375
0 10.15625
69.295657744218 177.34375
0 10.15625
87.307057858251 177.34375
0 10.15625
87.307057858251 177.34375
0 10.15625
103.826174394986 177.34375
0 197.65625
87.307057858251 177.34375
0 197.65625
77.7817459305202 355.46875
0 19.53125
92.4986056779086 177.34375
0 10.15625
92.4986056779086 177.34375
0 10.15625
116.540940379522 177.34375
0 10.15625
116.540940379522 177.34375
0 10.15625
92.4986056779086 177.34375
0 197.65625
97.9988589954373 1424.21875
