0 5625
174.614115716502 250
0 125
43.6535289291255 374.21875
0 0.78125
51.9130871974931 374.21875
0 0.78125
65.4063913251497 374.21875
0 0.78125
51.9130871974931 374.21875
0 0.78125
43.6535289291255 374.21875
0 0.78125
51.9130871974931 374.21875
0 0.78125
65.4063913251497 374.21875
0 0.78125
51.9130871974931 374.21875
0 0.78125
69.295657744218 374.21875
0 0.78125
87.307057858251 374.21875
0 0.78125
103.826174394986 374.21875
0 0.78125
87.307057858251 374.21875
0 0.78125
65.4063913251497 374.21875
0 0.78125
82.4068892282175 374.21875
0 0.78125
65.4063913251497 374.21875
0 0.78125
48.9994294977187 374.21875
0 0.78125
43.6535289291255 374.21875
0 0.78125
51.9130871974931 374.21875
0 0.78125
65.4063913251497 374.21875
0 0.78125
51.9130871974931 374.21875
0 0.78125
43.6535289291255 374.21875
0 0.78125
51.9130871974931 374.21875
0 0.78125
65.4063913251497 374.21875
0 0.78125
51.9130871974931 374.21875
0 0.78125
69.295657744218 374.21875
0 0.78125
87.307057858251 374.21875
0 0.78125
103.826174394986 374.21875
0 0.78125
87.307057858251 374.21875
0 0.78125
65.4063913251497 374.21875
0 0.78125
82.4068892282175 374.21875
0 0.78125
65.4063913251497 374.21875
0 0.78125
48.9994294977187 374.21875
0 3000.78125
43.6535289291255 374.21875
0 0.78125
51.9130871974931 374.21875
0 0.78125
65.4063913251497 374.21875
0 0.78125
51.9130871974931 374.21875
0 0.78125
43.6535289291255 374.21875
0 0.78125
51.9130871974931 374.21875
0 0.78125
65.4063913251497 374.21875
0 0.78125
51.9130871974931 374.21875
0 0.78125
69.295657744218 374.21875
0 0.78125
87.307057858251 374.21875
0 0.78125
103.826174394986 374.21875
0 0.78125
87.307057858251 374.21875
0 0.78125
65.4063913251497 374.21875
0 0.78125
82.4068892282175 374.21875
0 0.78125
65.4063913251497 374.21875
0 0.78125
48.9994294977187 374.21875
0 0.78125
43.6535289291255 374.21875
0 0.78125
51.9130871974931 374.21875
0 0.78125
65.4063913251497 374.21875
0 0.78125
51.9130871974931 374.21875
0 0.78125
43.6535289291255 374.21875
0 0.78125
51.9130871974931 374.21875
0 0.78125
65.4063913251497 374.21875
0 0.78125
51.9130871974931 374.21875
0 0.78125
69.295657744218 374.21875
0 0.78125
87.307057858251 374.21875
0 0.78125
103.826174394986 374.21875
0 0.78125
87.307057858251 374.21875
0 0.78125
65.4063913251497 374.21875
0 0.78125
82.4068892282175 374.21875
0 0.78125
65.4063913251497 374.21875
0 0.78125
48.9994294977187 374.21875
0 3000.78125
65.4063913251497 374.21875
0 0.78125
77.7817459305202 186.71875
0 0.78125
77.7817459305202 186.71875
0 0.78125
97.9988589954373 186.71875
0 0.78125
97.9988589954373 186.71875
0 0.78125
77.7817459305202 186.71875
0 188.28125
69.295657744218 186.71875
0 0.78125
69.295657744218 186.71875
0 0.78125
87.307057858251 186.71875
0 0.78125
87.307057858251 186.71875
0 0.78125
103.826174394986 186.71875
0 188.28125
87.307057858251 186.71875
0 188.28125
77.7817459305202 374.21875
0 0.78125
92.4986056779086 186.71875
0 0.78125
92.4986056779086 186.71875
0 0.78125
116.540940379522 186.71875
0 0.78125
116.540940379522 186.71875
0 0.78125
92.4986056779086 186.71875
0 188.28125
97.9988589954373 1499.21875
