0 5625
65.4063913251497 374.21875
0 0
92.4986056779086 0
0 0.78125
92.4986056779086 186.71875
0 0
73.4161919793519 186.71875
0 0.78125
92.4986056779086 186.71875
0 0.78125
92.4986056779086 186.71875
0 0
73.4161919793519 186.71875
0 0.78125
92.4986056779086 186.71875
0 0.78125
92.4986056779086 186.71875
0 0
73.4161919793519 186.71875
0 0.78125
92.4986056779086 186.71875
0 0.78125
92.4986056779086 186.71875
0 0
73.4161919793519 186.71875
0 0.78125
92.4986056779086 186.71875
0 0.78125
92.4986056779086 186.71875
0 0
73.4161919793519 186.71875
0 0.78125
92.4986056779086 186.71875
0 0.78125
92.4986056779086 186.71875
0 0
73.4161919793519 186.71875
0 0.78125
92.4986056779086 186.71875
0 0.78125
92.4986056779086 186.71875
0 0
73.4161919793519 186.71875
0 0.78125
92.4986056779086 186.71875
0 0.78125
92.4986056779086 186.71875
0 0
73.4161919793519 186.71875
0 0.78125
92.4986056779086 186.71875
0 0.78125
92.4986056779086 186.71875
0 0
73.4161919793519 186.71875
0 0.78125
92.4986056779086 186.71875
0 0.78125
92.4986056779086 186.71875
0 0
73.4161919793519 186.71875
0 0.78125
92.4986056779086 186.71875
0 0.78125
92.4986056779086 186.71875
0 0
73.4161919793519 186.71875
0 0.78125
92.4986056779086 186.71875
0 0.78125
92.4986056779086 186.71875
0 0
73.4161919793519 186.71875
0 0.78125
92.4986056779086 186.71875
0 0.78125
92.4986056779086 186.71875
0 0
73.4161919793519 186.71875
0 0.78125
92.4986056779086 186.71875
0 0.78125
92.4986056779086 186.71875
0 0
73.4161919793519 186.71875
0 0.78125
92.4986056779086 186.71875
0 0.78125
92.4986056779086 186.71875
0 0
73.4161919793519 186.71875
0 0.78125
92.4986056779086 186.71875
0 0.78125
92.4986056779086 186.71875
0 0
73.4161919793519 186.71875
0 0.78125
92.4986056779086 186.71875
0 188.28125
92.4986056779086 186.71875
0 188.28125
92.4986056779086 186.71875
0 188.28125
92.4986056779086 186.71875
0 188.28125
92.4986056779086 186.71875
0 188.28125
92.4986056779086 186.71875
0 188.28125
92.4986056779086 186.71875
0 188.28125
92.4986056779086 186.71875
0 188.28125
92.4986056779086 186.71875
0 0.78125
92.4986056779086 186.71875
0 0
73.4161919793519 186.71875
0 0.78125
92.4986056779086 186.71875
0 0.78125
92.4986056779086 186.71875
0 0
73.4161919793519 186.71875
0 0.78125
92.4986056779086 186.71875
0 0.78125
92.4986056779086 186.71875
0 0
73.4161919793519 186.71875
0 0.78125
92.4986056779086 186.71875
0 0.78125
92.4986056779086 186.71875
0 0
73.4161919793519 186.71875
0 0.78125
92.4986056779086 186.71875
0 0.78125
92.4986056779086 186.71875
0 0
73.4161919793519 186.71875
0 0.78125
92.4986056779086 186.71875
0 0.78125
92.4986056779086 186.71875
0 0
73.4161919793519 186.71875
0 0.78125
92.4986056779086 186.71875
0 0.78125
92.4986056779086 186.71875
0 0
73.4161919793519 186.71875
0 0.78125
92.4986056779086 186.71875
0 0.78125
92.4986056779086 186.71875
0 0
73.4161919793519 186.71875
0 0.78125
92.4986056779086 186.71875
0 0.78125
92.4986056779086 186.71875
0 0
73.4161919793519 186.71875
0 0.78125
92.4986056779086 186.71875
0 0.78125
92.4986056779086 186.71875
0 0
73.4161919793519 186.71875
0 0.78125
92.4986056779086 186.71875
0 0.78125
92.4986056779086 186.71875
0 0
73.4161919793519 186.71875
0 0.78125
92.4986056779086 186.71875
0 0.78125
92.4986056779086 186.71875
0 0
73.4161919793519 186.71875
0 0.78125
92.4986056779086 186.71875
0 0.78125
92.4986056779086 186.71875
0 0
73.4161919793519 186.71875
0 0.78125
92.4986056779086 186.71875
0 0.78125
92.4986056779086 186.71875
0 0
73.4161919793519 186.71875
0 0.78125
92.4986056779086 186.71875
0 0.78125
92.4986056779086 186.71875
0 0
73.4161919793519 186.71875
0 0.78125
92.4986056779086 186.71875
0 0.78125
92.4986056779086 186.71875
0 0
73.4161919793519 186.71875
0 0.78125
92.4986056779086 186.71875
0 0.78125
92.4986056779086 186.71875
0 0
65.4063913251497 186.71875
0 0.78125
92.4986056779086 186.71875
0 0
92.4986056779086 186.71875
0 0
65.4063913251497 186.71875
0 0.78125
92.4986056779086 186.71875
0 0
73.4161919793519 92.96875
0 0.78125
73.4161919793519 92.96875
0 0.78125
73.4161919793519 92.96875
0 0.78125
73.4161919793519 92.96875
0 0.78125
73.4161919793519 92.96875
0 0.78125
73.4161919793519 92.96875
0 0.78125
73.4161919793519 92.96875
0 0.78125
73.4161919793519 92.96875
0 0.78125
65.4063913251497 186.71875
0 0
69.295657744218 186.71875
0 0.78125
92.4986056779086 186.71875
0 0.78125
92.4986056779086 186.71875
0 0
69.295657744218 280.46875
0 0.78125
92.4986056779086 92.96875
0 0
65.4063913251497 186.71875
0 0.78125
92.4986056779086 186.71875
0 0
69.295657744218 186.71875
0 0.78125
92.4986056779086 186.71875
0 0.78125
92.4986056779086 186.71875
0 0
69.295657744218 280.46875
0 0.78125
92.4986056779086 92.96875
0 0
65.4063913251497 186.71875
0 0.78125
92.4986056779086 186.71875
0 0
69.295657744218 186.71875
0 0.78125
92.4986056779086 186.71875
0 0.78125
92.4986056779086 186.71875
0 0
69.295657744218 280.46875
0 0.78125
92.4986056779086 92.96875
0 0
65.4063913251497 186.71875
0 0.78125
92.4986056779086 92.96875
0 0.78125
61.7354126570155 92.96875
0 0
61.7354126570155 374.21875
