0 12.5
130.812782650299 112.5
0 0
523.251130601197 125
0 0
220 125
0 0
220 125
0 0
233.081880759045 125
0 0
466.16376151809 125
0 0
130.812782650299 125
0 0
523.251130601197 125
0 0
220 125
0 0
220 125
0 0
233.081880759045 125
0 0
466.16376151809 125
0 0
174.614115716502 125
0 0
349.228231433004 125
0 0
73.4161919793519 125
0 0
146.832383958704 125
0 0
77.7817459305202 125
0 0
311.126983722081 125
0 0
174.614115716502 125
0 0
349.228231433004 125
0 0
146.832383958704 125
0 0
146.832383958704 125
0 0
77.7817459305202 125
0 0
155.56349186104 125
0 0
311.126983722081 83.3333333333333
0 0
293.664767917408 83.3333333333333
0 0
277.182630976872 83.3333333333333
0 0
130.812782650299 150
0 0
155.56349186104 150
0 0
146.832383958704 150
0 0
207.652348789973 150
0 0
195.997717990875 150
0 0
277.182630976872 150
0 0
130.812782650299 83.3333333333333
0 0
184.997211355817 83.3333333333333
0 0
174.614115716502 83.3333333333333
0 0
329.62755691287 83.3333333333333
0 0
466.16376151809 83.3333333333333
0 0
440 83.3333333333333
0 0
207.652348789973 166.666666666667
0 0
130.812782650299 166.666666666667
0 0
123.470825314031 166.666666666667
0 0
233.081880759045 166.666666666667
0 0
220 166.666666666667
0 0
207.652348789973 166.666666666667
0 0
103.826174394986 0
