0 0
349.228231433004 510.653272916667
0 0
349.228231433004 681.107772916667
0 0
698.456462866008 510.653272916667
0 0
349.228231433004 0
0 0
523.251130601197 1022.01677291667
0 0
880 340.198772916667
0 0
523.251130601197 0
0 0
349.228231433004 340.198772916667
0 0.710227083333333
391.995435981749 510.653272916667
0 0.710227083333333
349.228231433004 84.5170229166667
0 0.710227083333333
698.456462866008 510.653272916667
0 0
391.995435981749 0
0 0
523.251130601197 0
0 0.710227083333333
523.251130601197 681.107772916667
0 0
440 0
0 0.710227083333333
293.664767917408 169.744272916667
0 0.710227083333333
698.456462866008 510.653272916667
0 0
349.228231433004 0
0 0
523.251130601197 510.653272916667
0 0
349.228231433004 0
0 0.710227083333333
391.995435981749 340.198772916667
0 0.710227083333333
466.16376151809 84.5170229166667
0 0
349.228231433004 0
0 0.710227083333333
587.329535834815 510.653272916667
0 0.710227083333333
523.251130601197 1022.01677291667
0 0
349.228231433004 0
0 0.710227083333333
523.251130601197 510.653272916667
0 0
523.251130601197 340.198772916667
0 0
349.228231433004 0
0 0.710227083333333
523.251130601197 169.744272916667
0 0.710227083333333
391.995435981749 340.198772916667
0 0.710227083333333
698.456462866008 340.198772916667
0 0
349.228231433004 0
0 0
698.456462866008 169.744272916667
0 0
523.251130601197 0
0 341.619227083333
587.329535834815 340.198772916667
0 0.710227083333333
523.251130601197 254.971522916667
0 0
587.329535834815 84.5170229166667
0 0
349.228231433004 0
0 0
440 254.971522916667
0 0.710227083333333
587.329535834815 84.5170229166667
0 0
349.228231433004 0
0 0.710227083333333
466.16376151809 169.744272916667
0 0.710227083333333
440 84.5170229166667
0 0.710227083333333
349.228231433004 84.5170229166667
0 0
329.62755691287 340.198772916667
0 0.710227083333333
440 340.198772916667
0 0
293.664767917408 0
0 0.710227083333333
698.456462866008 340.198772916667
0 0
349.228231433004 0
0 0
659.25511382574 169.744272916667
0 171.164727083333
349.228231433004 169.744272916667
0 0.710227083333333
523.251130601197 340.198772916667
0 0
440 0
0 171.164727083333
391.995435981749 340.198772916667
0 0
349.228231433004 0
0 0.710227083333333
659.25511382574 169.744272916667
0 171.164727083333
349.228231433004 169.744272916667
0 0.710227083333333
440 84.5170229166667
0 0
329.62755691287 0
0 512.073727083333
698.456462866008 254.971522916667
0 0
329.62755691287 0
0 0
440 0
0 0.710227083333333
659.25511382574 84.5170229166667
0 0.710227083333333
329.62755691287 169.744272916667
0 171.164727083333
698.456462866008 169.744272916667
0 0
440 340.198772916667
0 0
329.62755691287 0
0 171.164727083333
880 340.198772916667
0 0
329.62755691287 0
0 0
440 0
0 0
329.62755691287 169.744272916667
0 171.164727083333
698.456462866008 169.744272916667
0 0
880 510.653272916667
0 0
293.664767917408 0
0 0
698.456462866008 340.198772916667
0 0
349.228231433004 0
0 0
466.16376151809 0
0 0.710227083333333
659.25511382574 169.744272916667
0 171.164727083333
698.456462866008 169.744272916667
0 0
523.251130601197 340.198772916667
0 0
293.664767917408 0
0 0
698.456462866008 340.198772916667
0 0
349.228231433004 0
0 0
659.25511382574 169.744272916667
0 171.164727083333
349.228231433004 169.744272916667
0 0.710227083333333
440 340.198772916667
0 0
329.62755691287 0
0 171.164727083333
698.456462866008 169.744272916667
0 0
349.228231433004 0
0 0
659.25511382574 169.744272916667
0 0
698.456462866008 169.744272916667
0 0.710227083333333
440 340.198772916667
0 0
311.126983722081 0
0 0.710227083333333
440 169.744272916667
0 0.710227083333333
698.456462866008 169.744272916667
0 0
440 340.198772916667
0 0
293.664767917408 0
0 0
659.25511382574 169.744272916667
0 0
293.664767917408 0
0 0
440 0
0 171.164727083333
293.664767917408 510.653272916667
0 0
391.995435981749 169.744272916667
0 0
659.25511382574 169.744272916667
0 171.164727083333
698.456462866008 169.744272916667
0 0
523.251130601197 340.198772916667
0 0
440 0
0 171.164727083333
391.995435981749 340.198772916667
0 0
349.228231433004 0
0 0.710227083333333
659.25511382574 169.744272916667
0 171.164727083333
698.456462866008 169.744272916667
0 0
523.251130601197 340.198772916667
0 0
329.62755691287 0
0 0
880 254.971522916667
0 0
329.62755691287 0
0 0
329.62755691287 84.5170229166667
0 0.710227083333333
659.25511382574 169.744272916667
0 171.164727083333
698.456462866008 169.744272916667
0 0
440 510.653272916667
0 0
329.62755691287 0
0 0.710227083333333
440 340.198772916667
0 0
349.228231433004 0
0 0.710227083333333
329.62755691287 169.744272916667
0 171.164727083333
698.456462866008 169.744272916667
0 0
880 510.653272916667
0 0
293.664767917408 0
0 0
391.995435981749 340.198772916667
0 0
349.228231433004 0
0 0.710227083333333
659.25511382574 169.744272916667
0 171.164727083333
349.228231433004 169.744272916667
0 0.710227083333333
440 340.198772916667
0 0
293.664767917408 0
0 171.164727083333
391.995435981749 340.198772916667
0 0
349.228231433004 0
0 0.710227083333333
659.25511382574 169.744272916667
0 171.164727083333
698.456462866008 169.744272916667
0 0
523.251130601197 340.198772916667
0 0
329.62755691287 0
0 0
440 340.198772916667
0 0
329.62755691287 0
0 0
659.25511382574 169.744272916667
0 171.164727083333
698.456462866008 169.744272916667
0 0
440 169.744272916667
0 0
391.995435981749 340.198772916667
0 0
349.228231433004 169.744272916667
0 0
349.228231433004 0.710227083333333
