0 1193.1815
220 169.744272916667
0 0
220 510.653272916667
0 0
65.4063913251497 340.198772916667
0 0.710227083333333
65.4063913251497 169.744272916667
0 938.209977083333
73.4161919793519 510.653272916667
0 852.982727083333
55 510.653272916667
0 938.209977083333
58.2704701897612 510.653272916667
0 1023.43722708333
65.4063913251497 510.653272916667
0 852.982727083333
73.4161919793519 340.198772916667
0 0.710227083333333
73.4161919793519 169.744272916667
0 0.710227083333333
73.4161919793519 169.744272916667
0 0.710227083333333
73.4161919793519 169.744272916667
0 0.710227083333333
73.4161919793519 169.744272916667
0 0.710227083333333
73.4161919793519 340.198772916667
0 0.710227083333333
73.4161919793519 254.971522916667
0 0.710227083333333
55 84.5170229166667
0 512.073727083333
87.307057858251 84.5170229166667
0 0.710227083333333
82.4068892282175 84.5170229166667
0 341.619227083333
233.081880759045 340.198772916667
0 0
58.2704701897612 340.198772916667
0 0.710227083333333
58.2704701897612 169.744272916667
0 0.710227083333333
58.2704701897612 169.744272916667
0 0.710227083333333
58.2704701897612 169.744272916667
0 0.710227083333333
233.081880759045 340.198772916667
0 0
65.4063913251497 169.744272916667
0 0.710227083333333
233.081880759045 340.198772916667
0 0.710227083333333
65.4063913251497 169.744272916667
0 0.710227083333333
65.4063913251497 169.744272916667
0 256.391977083333
55 510.653272916667
0 0.710227083333333
55 254.971522916667
0 0.710227083333333
55 84.5170229166667
0 171.164727083333
55 169.744272916667
0 0.710227083333333
55 169.744272916667
0 0.710227083333333
73.4161919793519 340.198772916667
0 0.710227083333333
73.4161919793519 169.744272916667
0 0.710227083333333
73.4161919793519 340.198772916667
0 0.710227083333333
73.4161919793519 169.744272916667
0 0.710227083333333
73.4161919793519 169.744272916667
0 0.710227083333333
73.4161919793519 169.744272916667
0 0.710227083333333
233.081880759045 510.653272916667
0 0
58.2704701897612 340.198772916667
0 171.164727083333
58.2704701897612 169.744272916667
0 0.710227083333333
58.2704701897612 169.744272916667
0 0.710227083333333
233.081880759045 340.198772916667
0 0
65.4063913251497 169.744272916667
0 0.710227083333333
233.081880759045 340.198772916667
0 0
65.4063913251497 169.744272916667
0 0.710227083333333
65.4063913251497 169.744272916667
0 0.710227083333333
65.4063913251497 169.744272916667
0 0.710227083333333
55 340.198772916667
0 0.710227083333333
55 169.744272916667
0 0.710227083333333
55 169.744272916667
0 0.710227083333333
55 84.5170229166667
0 171.164727083333
55 169.744272916667
0 171.164727083333
77.7817459305202 340.198772916667
0 0.710227083333333
77.7817459305202 169.744272916667
0 171.164727083333
73.4161919793519 340.198772916667
0 0.710227083333333
65.4063913251497 169.744272916667
0 0.710227083333333
55 169.744272916667
0 0.710227083333333
233.081880759045 510.653272916667
0 0
233.081880759045 169.744272916667
0 0
58.2704701897612 84.5170229166667
0 171.164727083333
58.2704701897612 169.744272916667
0 171.164727083333
233.081880759045 340.198772916667
0 0
65.4063913251497 169.744272916667
0 0.710227083333333
233.081880759045 340.198772916667
0 0.710227083333333
65.4063913251497 169.744272916667
0 0.710227083333333
65.4063913251497 169.744272916667
0 171.164727083333
55 340.198772916667
0 0.710227083333333
55 169.744272916667
0 0.710227083333333
55 254.971522916667
0 0.710227083333333
55 84.5170229166667
0 171.164727083333
55 169.744272916667
0 0.710227083333333
55 169.744272916667
0 0.710227083333333
73.4161919793519 510.653272916667
0 0.710227083333333
73.4161919793519 340.198772916667
0 0.710227083333333
73.4161919793519 169.744272916667
0 0.710227083333333
65.4063913251497 169.744272916667
0 0.710227083333333
55 169.744272916667
0 0.710227083333333
233.081880759045 510.653272916667
0 0
233.081880759045 340.198772916667
0 0
58.2704701897612 169.744272916667
0 0.710227083333333
58.2704701897612 169.744272916667
0 0.710227083333333
233.081880759045 340.198772916667
0 0
65.4063913251497 169.744272916667
0 0.710227083333333
233.081880759045 340.198772916667
0 0
65.4063913251497 169.744272916667
0 0.710227083333333
65.4063913251497 169.744272916667
0 171.164727083333
55 340.198772916667
0 0.710227083333333
55 169.744272916667
0 341.619227083333
55 169.744272916667
0 0.710227083333333
55 169.744272916667
0 0.710227083333333
55 169.744272916667
0 0.710227083333333
55 169.744272916667
0 0.710227083333333
73.4161919793519 169.744272916667
0 0.710227083333333
65.4063913251497 340.198772916667
0 0.710227083333333
73.4161919793519 169.744272916667
