0 13714.24
293.664767917408 214.285
0 0
329.62755691287 214.285
0 0
349.228231433004 428.57
0 0
391.995435981749 214.285
0 0
440 214.285
0 0
493.883301256124 428.57
0 0
523.251130601197 214.285
0 0
493.883301256124 214.285
0 0
329.62755691287 1285.71
0 0
293.664767917408 214.285
0 0
329.62755691287 214.285
0 0
349.228231433004 428.57
0 0
391.995435981749 214.285
0 0
440 214.285
0 0
493.883301256124 428.57
0 0
523.251130601197 214.285
0 0
587.329535834815 214.285
0 0
659.25511382574 1285.71
0 0
293.664767917408 214.285
0 0
329.62755691287 214.285
0 0
349.228231433004 428.57
0 0
391.995435981749 214.285
0 0
440 214.285
0 0
493.883301256124 428.57
0 0
523.251130601197 214.285
0 0
493.883301256124 214.285
0 0
329.62755691287 1285.71
0 0
293.664767917408 214.285
0 0
261.625565300599 214.285
0 0
349.228231433004 214.285
0 0
329.62755691287 214.285
0 0
391.995435981749 214.285
0 0
349.228231433004 214.285
0 0
440 214.285
0 0
391.995435981749 214.285
0 0
493.883301256124 214.285
0 0
440 214.285
0 0
523.251130601197 214.285
0 0
493.883301256124 214.285
0 0
587.329535834815 214.285
0 0
523.251130601197 214.285
0 0
659.25511382574 107.1425
0 0
698.456462866008 107.1425
0 107.1425
587.329535834815 107.1425
0 0
659.25511382574 1714.28
0 15428.52
293.664767917408 214.285
0 0
329.62755691287 214.285
0 0
349.228231433004 428.57
0 0
391.995435981749 214.285
0 0
440 214.285
0 0
493.883301256124 428.57
0 0
523.251130601197 214.285
0 0
493.883301256124 214.285
0 0
329.62755691287 1285.71
0 0
293.664767917408 214.285
0 0
329.62755691287 214.285
0 0
349.228231433004 428.57
0 0
391.995435981749 214.285
0 0
440 214.285
0 0
493.883301256124 428.57
0 0
523.251130601197 214.285
0 0
587.329535834815 214.285
0 0
659.25511382574 1285.71
0 0
293.664767917408 214.285
0 0
329.62755691287 214.285
0 0
349.228231433004 428.57
0 0
391.995435981749 214.285
0 0
440 214.285
0 0
493.883301256124 428.57
0 0
523.251130601197 214.285
0 0
493.883301256124 214.285
0 0
329.62755691287 1285.71
0 0
293.664767917408 214.285
0 0
261.625565300599 214.285
0 0
349.228231433004 214.285
0 0
329.62755691287 214.285
0 0
391.995435981749 214.285
0 0
349.228231433004 214.285
0 0
440 214.285
0 0
391.995435981749 214.285
0 0
493.883301256124 214.285
0 0
440 214.285
0 0
523.251130601197 214.285
0 0
493.883301256124 214.285
0 0
587.329535834815 214.285
0 0
523.251130601197 214.285
0 0
659.25511382574 107.1425
0 0
698.456462866008 107.1425
0 107.1425
587.329535834815 107.1425
0 0
659.25511382574 1714.28
0 15428.52
293.664767917408 214.285
0 0
329.62755691287 214.285
0 0
349.228231433004 428.57
0 0
391.995435981749 214.285
0 0
440 214.285
0 0
493.883301256124 428.57
0 0
523.251130601197 214.285
0 0
493.883301256124 214.285
0 0
329.62755691287 1285.71
0 0
293.664767917408 214.285
0 0
329.62755691287 214.285
0 0
349.228231433004 428.57
0 0
391.995435981749 214.285
0 0
440 214.285
0 0
493.883301256124 428.57
0 0
523.251130601197 214.285
0 0
587.329535834815 214.285
0 0
659.25511382574 1285.71
0 0
293.664767917408 214.285
0 0
329.62755691287 214.285
0 0
349.228231433004 428.57
0 0
391.995435981749 214.285
0 0
440 214.285
0 0
493.883301256124 428.57
0 0
523.251130601197 214.285
0 0
493.883301256124 214.285
0 0
329.62755691287 1285.71
0 0
293.664767917408 214.285
0 0
261.625565300599 214.285
0 0
349.228231433004 214.285
0 0
329.62755691287 214.285
0 0
391.995435981749 214.285
0 0
349.228231433004 214.285
0 0
440 214.285
0 0
391.995435981749 214.285
0 0
493.883301256124 214.285
0 0
440 214.285
0 0
523.251130601197 214.285
0 0
493.883301256124 214.285
0 0
587.329535834815 214.285
0 0
523.251130601197 214.285
0 0
659.25511382574 107.1425
0 0
698.456462866008 107.1425
0 107.1425
587.329535834815 107.1425
0 0
659.25511382574 1714.28
0 15428.52
293.664767917408 214.285
0 0
329.62755691287 214.285
0 0
349.228231433004 428.57
0 0
391.995435981749 214.285
0 0
440 214.285
0 0
493.883301256124 428.57
0 0
523.251130601197 214.285
0 0
493.883301256124 214.285
0 0
329.62755691287 1285.71
0 0
293.664767917408 214.285
0 0
329.62755691287 214.285
0 0
349.228231433004 428.57
0 0
391.995435981749 214.285
0 0
440 214.285
0 0
493.883301256124 428.57
0 0
523.251130601197 214.285
0 0
587.329535834815 214.285
0 0
659.25511382574 1285.71
0 0
293.664767917408 214.285
0 0
329.62755691287 214.285
0 0
349.228231433004 428.57
0 0
391.995435981749 214.285
0 0
440 214.285
0 0
493.883301256124 428.57
0 0
523.251130601197 214.285
0 0
493.883301256124 214.285
0 0
329.62755691287 1285.71
0 0
293.664767917408 214.285
0 0
261.625565300599 214.285
0 0
349.228231433004 214.285
0 0
329.62755691287 214.285
0 0
391.995435981749 214.285
0 0
349.228231433004 214.285
0 0
440 214.285
0 0
391.995435981749 214.285
0 0
493.883301256124 214.285
0 0
440 214.285
0 0
523.251130601197 214.285
0 0
493.883301256124 214.285
0 0
587.329535834815 214.285
0 0
523.251130601197 214.285
0 0
659.25511382574 107.1425
0 0
698.456462866008 107.1425
0 107.1425
587.329535834815 107.1425
0 0
659.25511382574 1714.28
