0 16.666675
55 166.66675
0 0
110 166.66675
0 0
55 166.66675
0 0
110 166.66675
0 0
55 166.66675
0 0
110 166.66675
0 0
55 166.66675
0 0
110 166.66675
0 0
55 166.66675
0 0
110 166.66675
0 0
55 166.66675
0 0
110 166.66675
0 0
55 166.66675
0 0
110 166.66675
0 0
55 166.66675
0 0
110 166.66675
0 0
48.9994294977187 166.66675
0 0
97.9988589954373 166.66675
0 0
48.9994294977187 166.66675
0 0
97.9988589954373 166.66675
0 0
48.9994294977187 166.66675
0 0
97.9988589954373 166.66675
0 0
48.9994294977187 166.66675
0 0
97.9988589954373 166.66675
0 0
48.9994294977187 166.66675
0 0
97.9988589954373 166.66675
0 0
48.9994294977187 166.66675
0 0
97.9988589954373 166.66675
0 0
48.9994294977187 166.66675
0 0
97.9988589954373 166.66675
0 0
48.9994294977187 166.66675
0 0
97.9988589954373 166.66675
0 0
46.2493028389543 166.66675
0 0
92.4986056779086 166.66675
0 0
46.2493028389543 166.66675
0 0
92.4986056779086 166.66675
0 0
46.2493028389543 166.66675
0 0
92.4986056779086 166.66675
0 0
46.2493028389543 166.66675
0 0
92.4986056779086 166.66675
0 0
46.2493028389543 166.66675
0 0
92.4986056779086 166.66675
0 0
46.2493028389543 166.66675
0 0
92.4986056779086 166.66675
0 0
46.2493028389543 166.66675
0 0
92.4986056779086 166.66675
0 0
46.2493028389543 166.66675
0 0
92.4986056779086 166.66675
0 0
43.6535289291255 166.66675
0 0
87.307057858251 166.66675
0 0
43.6535289291255 166.66675
0 0
87.307057858251 166.66675
0 0
43.6535289291255 166.66675
0 0
87.307057858251 166.66675
0 0
43.6535289291255 166.66675
0 0
87.307057858251 166.66675
0 0
41.2034446141087 166.66675
0 0
82.4068892282175 166.66675
0 0
46.2493028389543 166.66675
0 0
92.4986056779086 166.66675
0 0
48.9994294977187 166.66675
0 0
97.9988589954373 166.66675
0 0
51.9130871974931 166.66675
0 0
103.826174394986 166.66675
0 0
55 166.66675
0 0
110 166.66675
0 0
55 166.66675
0 0
110 166.66675
0 0
55 166.66675
0 0
110 166.66675
0 0
55 166.66675
0 0
110 166.66675
0 0
55 166.66675
0 0
110 166.66675
0 0
55 166.66675
0 0
110 166.66675
0 0
55 166.66675
0 0
110 166.66675
0 0
55 166.66675
0 0
110 166.66675
0 0
48.9994294977187 166.66675
0 0
97.9988589954373 166.66675
0 0
48.9994294977187 166.66675
0 0
97.9988589954373 166.66675
0 0
48.9994294977187 166.66675
0 0
97.9988589954373 166.66675
0 0
48.9994294977187 166.66675
0 0
97.9988589954373 166.66675
0 0
48.9994294977187 166.66675
0 0
97.9988589954373 166.66675
0 0
48.9994294977187 166.66675
0 0
97.9988589954373 166.66675
0 0
48.9994294977187 166.66675
0 0
97.9988589954373 166.66675
0 0
48.9994294977187 166.66675
0 0
97.9988589954373 166.66675
0 0
46.2493028389543 166.66675
0 0
92.4986056779086 166.66675
0 0
46.2493028389543 166.66675
0 0
92.4986056779086 166.66675
0 0
46.2493028389543 166.66675
0 0
92.4986056779086 166.66675
0 0
46.2493028389543 166.66675
0 0
92.4986056779086 166.66675
0 0
46.2493028389543 166.66675
0 0
92.4986056779086 166.66675
0 0
46.2493028389543 166.66675
0 0
92.4986056779086 166.66675
0 0
46.2493028389543 166.66675
0 0
92.4986056779086 166.66675
0 0
46.2493028389543 166.66675
0 0
92.4986056779086 166.66675
0 0
43.6535289291255 166.66675
0 0
87.307057858251 166.66675
0 0
43.6535289291255 166.66675
0 0
87.307057858251 166.66675
0 0
43.6535289291255 166.66675
0 0
87.307057858251 166.66675
0 0
43.6535289291255 166.66675
0 0
87.307057858251 166.66675
0 0
41.2034446141087 166.66675
0 0
82.4068892282175 166.66675
0 0
46.2493028389543 166.66675
0 0
92.4986056779086 166.66675
0 0
48.9994294977187 166.66675
0 0
97.9988589954373 166.66675
0 0
51.9130871974931 166.66675
0 0
103.826174394986 166.66675
