0 16.666675
440 333.3335
0 0
440 333.3335
0 0
391.995435981749 166.66675
0 0
391.995435981749 333.3335
0 0
440 333.3335
0 0
523.251130601197 166.66675
0 0
440 166.66675
0 0
587.329535834815 166.66675
0 0
659.25511382574 166.66675
0 0
587.329535834815 166.66675
0 0
659.25511382574 166.66675
0 0
783.990871963498 166.66675
0 0
880 166.66675
0 0
987.766602512248 166.66675
0 0
1046.50226120239 166.66675
0 0
987.766602512248 166.66675
0 0
880 166.66675
0 0
783.990871963498 166.66675
0 166.66675
880 166.66675
0 166.66675
880 166.66675
0 0
783.990871963498 166.66675
0 0
659.25511382574 166.66675
0 0
783.990871963498 166.66675
0 0
659.25511382574 166.66675
0 0
587.329535834815 166.66675
0 0
523.251130601197 166.66675
0 0
440 333.3335
0 0
440 333.3335
0 0
391.995435981749 166.66675
0 0
391.995435981749 333.3335
0 0
440 333.3335
0 0
523.251130601197 166.66675
0 0
440 166.66675
0 0
587.329535834815 166.66675
0 0
659.25511382574 166.66675
0 0
587.329535834815 166.66675
0 0
659.25511382574 166.66675
0 0
783.990871963498 166.66675
0 0
880 166.66675
0 0
987.766602512248 166.66675
0 0
1046.50226120239 166.66675
0 0
987.766602512248 166.66675
0 0
880 166.66675
0 0
783.990871963498 166.66675
0 166.66675
783.990871963498 166.66675
0 0
1046.50226120239 333.3335
0 0
987.766602512248 333.3335
0 0
880 333.3335
0 0
783.990871963498 333.3335
0 0
440 333.3335
0 0
440 333.3335
0 0
391.995435981749 166.66675
0 0
391.995435981749 333.3335
0 0
440 333.3335
0 0
523.251130601197 166.66675
0 0
440 166.66675
0 0
587.329535834815 166.66675
0 0
659.25511382574 166.66675
0 0
587.329535834815 166.66675
0 0
659.25511382574 166.66675
0 0
783.990871963498 166.66675
0 0
880 166.66675
0 0
987.766602512248 166.66675
0 0
1046.50226120239 166.66675
0 0
987.766602512248 166.66675
0 0
880 166.66675
0 0
783.990871963498 166.66675
0 166.66675
880 166.66675
0 166.66675
880 166.66675
0 0
783.990871963498 166.66675
0 0
659.25511382574 166.66675
0 0
783.990871963498 166.66675
0 0
659.25511382574 166.66675
0 0
587.329535834815 166.66675
0 0
523.251130601197 166.66675
0 0
440 333.3335
0 0
440 333.3335
0 0
391.995435981749 166.66675
0 0
391.995435981749 333.3335
0 0
440 333.3335
0 0
523.251130601197 166.66675
0 0
440 166.66675
0 0
587.329535834815 166.66675
0 0
659.25511382574 166.66675
0 0
587.329535834815 166.66675
0 0
659.25511382574 166.66675
0 0
783.990871963498 166.66675
0 0
880 166.66675
0 0
987.766602512248 166.66675
0 0
1046.50226120239 166.66675
0 0
987.766602512248 166.66675
0 0
880 166.66675
0 0
783.990871963498 166.66675
0 166.66675
783.990871963498 166.66675
0 0
1046.50226120239 333.3335
0 0
987.766602512248 333.3335
0 0
880 333.3335
0 0
783.990871963498 333.3335
