0 2100
130.812782650299 125
0 25
138.591315488436 125
0 25
138.591315488436 100
0 200
220 100
0 200
195.997717990875 125
0 25
220 100
0 200
164.813778456435 100
0 200
174.614115716502 100
0 200
220 125
0 25
195.997717990875 125
0 25
174.614115716502 125
0 25
164.813778456435 125
0 25
146.832383958704 212.5
0 87.5
220 100
0 200
195.997717990875 125
0 25
220 100
0 200
164.813778456435 100
0 200
174.614115716502 100
0 200
220 50
0 100
130.812782650299 100
0 200
138.591315488436 100
0 200
146.832383958704 100
0 200
220 100
0 200
195.997717990875 125
0 25
220 100
0 200
164.813778456435 100
0 200
174.614115716502 100
0 200
220 125
0 25
195.997717990875 125
0 25
174.614115716502 125
0 25
164.813778456435 125
0 25
146.832383958704 212.5
0 87.5
220 100
0 200
195.997717990875 125
0 25
220 100
0 200
164.813778456435 100
0 200
174.614115716502 100
0 200
220 50
0 100
130.812782650299 100
0 200
138.591315488436 100
0 200
146.832383958704 100
0 200
220 100
0 200
195.997717990875 125
0 25
220 100
0 200
164.813778456435 100
0 200
174.614115716502 100
0 200
220 125
0 25
195.997717990875 125
0 25
174.614115716502 125
0 25
164.813778456435 125
0 25
146.832383958704 212.5
0 237.5
220 100
0 200
195.997717990875 125
0 25
220 100
0 200
164.813778456435 100
0 200
174.614115716502 100
0 200
220 50
0 100
130.812782650299 100
0 200
138.591315488436 100
0 200
146.832383958704 100
0 200
220 100
0 200
195.997717990875 125
0 25
220 100
0 200
164.813778456435 100
0 200
174.614115716502 100
0 200
220 125
0 25
195.997717990875 125
0 25
174.614115716502 125
0 25
164.813778456435 125
0 25
146.832383958704 275
0 175
220 100
0 200
195.997717990875 125
0 25
220 100
0 200
261.625565300599 100
0 200
261.625565300599 125
0 25
220 250
0 50
329.62755691287 250
0 0
261.625565300599 125
0 25
277.182630976872 125
0 25
293.664767917408 100
0 0
440 100
0 0
391.995435981749 125
0 25
440 100
0 200
329.62755691287 100
0 0
349.228231433004 100
0 0
440 125
0 25
391.995435981749 125
0 25
349.228231433004 125
0 25
329.62755691287 125
0 25
293.664767917408 212.5
0 237.5
440 100
0 0
391.995435981749 125
0 25
440 100
0 200
329.62755691287 250
0 0
349.228231433004 125
0 0
440 100
0 200
261.625565300599 100
0 0
277.182630976872 100
0 0
293.664767917408 100
0 0
440 100
0 0
391.995435981749 125
0 25
440 100
0 200
329.62755691287 100
0 0
349.228231433004 100
0 0
440 125
0 25
391.995435981749 125
0 25
349.228231433004 125
0 25
329.62755691287 125
0 25
293.664767917408 212.5
0 237.5
440 100
0 0
391.995435981749 125
0 25
440 100
0 200
329.62755691287 250
0 0
349.228231433004 125
0 0
440 100
0 200
261.625565300599 100
0 0
277.182630976872 100
0 0
293.664767917408 100
0 0
440 100
0 0
391.995435981749 125
0 25
440 100
0 200
329.62755691287 100
0 0
349.228231433004 100
0 0
440 125
0 25
391.995435981749 125
0 25
349.228231433004 125
0 25
329.62755691287 125
0 25
293.664767917408 212.5
0 237.5
440 100
0 0
391.995435981749 125
0 25
440 100
0 200
329.62755691287 250
0 0
349.228231433004 125
0 0
440 100
0 200
261.625565300599 100
0 0
277.182630976872 100
0 0
293.664767917408 100
0 0
440 100
0 0
391.995435981749 125
0 25
440 100
0 200
329.62755691287 100
0 0
349.228231433004 100
0 0
440 125
0 25
391.995435981749 125
0 25
349.228231433004 125
0 25
329.62755691287 125
0 25
293.664767917408 212.5
0 12.5
220 62.5
0 12.5
246.941650628062 62.5
0 12.5
261.625565300599 62.5
0 12.5
293.664767917408 62.5
0 12.5
329.62755691287 62.5
0 12.5
349.228231433004 62.5
0 12.5
391.995435981749 62.5
0 12.5
440 62.5
0 12.5
493.883301256124 62.5
0 12.5
523.251130601197 62.5
0 12.5
587.329535834815 62.5
0 12.5
659.25511382574 62.5
0 12.5
698.456462866008 62.5
0 12.5
783.990871963498 62.5
0 12.5
880 62.5
0 12.5
987.766602512248 62.5
0 12.5
1046.50226120239 62.5
0 12.5
1174.65907166963 62.5
0 12.5
1318.51022765148 62.5
0 12.5
1396.91292573202 62.5
0 12.5
1567.981743927 62.5
0 12.5
1760 62.5
0 12.5
1975.5332050245 62.5
0 12.5
2093.00452240479 62.5
0 12.5
2349.31814333926 62.5
0 462.5
440 250
0 0
698.456462866008 250
0 0
659.25511382574 125
0 25
698.456462866008 125
0 25
659.25511382574 250
0 50
783.990871963498 250
0 0
698.456462866008 250
0 50
659.25511382574 125
0 25
698.456462866008 125
0 25
659.25511382574 125
0 25
523.251130601197 125
0 25
587.329535834815 250
0 50
880 250
0 0
783.990871963498 125
0 25
880 125
0 25
783.990871963498 125
0 25
880 125
0 25
1046.50226120239 250
0 0
880 250
0 50
783.990871963498 250
0 50
880 250
0 50
440 250
0 0
698.456462866008 250
0 0
659.25511382574 125
0 25
698.456462866008 125
0 25
659.25511382574 250
0 50
783.990871963498 250
0 0
698.456462866008 250
0 50
659.25511382574 125
0 25
698.456462866008 125
0 25
659.25511382574 125
0 25
523.251130601197 125
0 25
587.329535834815 250
0 50
880 250
0 0
783.990871963498 125
0 25
880 125
0 25
783.990871963498 125
0 25
880 125
0 25
1108.73052390749 250
0 0
880 250
0 50
783.990871963498 250
0 50
880 250
0 50
440 250
0 0
698.456462866008 250
0 0
659.25511382574 125
0 25
698.456462866008 125
0 25
659.25511382574 250
0 50
783.990871963498 250
0 0
698.456462866008 250
0 50
659.25511382574 125
0 25
698.456462866008 125
0 25
659.25511382574 125
0 25
523.251130601197 125
0 25
587.329535834815 250
0 50
880 250
0 0
783.990871963498 125
0 25
880 125
0 25
783.990871963498 125
0 25
880 125
0 25
1046.50226120239 250
0 0
880 250
0 50
698.456462866008 250
0 50
739.988845423269 250
0 50
783.990871963498 250
0 0
587.329535834815 0
0 50
466.16376151809 125
0 25
587.329535834815 125
0 25
466.16376151809 250
0 50
783.990871963498 250
0 0
880 250
0 0
440 125
0 25
880 125
0 0
440 250
0 50
880 250
0 0
932.32752303618 250
0 0
587.329535834815 250
0 50
987.766602512248 250
0 0
587.329535834815 250
0 50
1046.50226120239 1000
0 0
783.990871963498 0
0 200
440 250
0 0
698.456462866008 250
0 0
659.25511382574 125
0 25
698.456462866008 125
0 25
659.25511382574 250
0 50
783.990871963498 250
0 0
698.456462866008 250
0 50
659.25511382574 125
0 25
698.456462866008 125
0 25
659.25511382574 125
0 25
523.251130601197 125
0 25
587.329535834815 250
0 50
880 250
0 0
783.990871963498 125
0 25
880 125
0 25
783.990871963498 125
0 25
880 125
0 25
1046.50226120239 250
0 0
880 250
0 50
783.990871963498 250
0 50
880 250
0 50
440 250
0 0
698.456462866008 250
0 0
659.25511382574 125
0 25
698.456462866008 125
0 25
659.25511382574 250
0 50
783.990871963498 250
0 0
698.456462866008 250
0 50
659.25511382574 125
0 25
698.456462866008 125
0 25
659.25511382574 125
0 25
523.251130601197 125
0 25
587.329535834815 250
0 50
880 250
0 0
783.990871963498 125
0 25
880 125
0 25
783.990871963498 125
0 25
880 125
0 25
1108.73052390749 250
0 0
880 250
0 50
783.990871963498 250
0 50
880 250
0 50
440 250
0 0
698.456462866008 250
0 0
659.25511382574 125
0 25
698.456462866008 125
0 25
659.25511382574 250
0 50
783.990871963498 250
0 0
698.456462866008 250
0 50
659.25511382574 125
0 25
698.456462866008 125
0 25
659.25511382574 125
0 25
523.251130601197 125
0 25
587.329535834815 250
0 50
880 250
0 0
783.990871963498 125
0 25
880 125
0 25
783.990871963498 125
0 25
880 125
0 25
1046.50226120239 250
0 0
880 250
0 50
698.456462866008 250
0 50
739.988845423269 250
0 50
783.990871963498 250
0 0
587.329535834815 0
0 50
466.16376151809 125
0 25
587.329535834815 125
0 25
466.16376151809 250
0 50
783.990871963498 250
0 0
880 250
0 0
659.25511382574 0
0 50
783.990871963498 250
0 50
698.456462866008 250
0 50
659.25511382574 250
0 50
587.329535834815 2000
0 0
440 0
0 400
220 250
0 50
349.228231433004 250
0 50
329.62755691287 125
0 25
349.228231433004 125
0 25
329.62755691287 250
0 50
391.995435981749 250
0 50
349.228231433004 250
0 50
329.62755691287 125
0 25
349.228231433004 125
0 25
329.62755691287 125
0 25
261.625565300599 125
0 25
293.664767917408 250
0 50
440 250
0 50
391.995435981749 125
0 25
440 125
0 25
391.995435981749 125
0 25
440 125
0 25
523.251130601197 250
0 50
440 250
0 50
391.995435981749 250
0 50
440 250
0 50
220 250
0 50
349.228231433004 250
0 50
329.62755691287 125
0 25
349.228231433004 125
0 25
329.62755691287 250
0 50
391.995435981749 250
0 50
349.228231433004 250
0 50
329.62755691287 125
0 25
349.228231433004 125
0 25
329.62755691287 125
0 25
261.625565300599 125
0 25
293.664767917408 250
0 50
440 250
0 50
391.995435981749 125
0 25
440 125
0 25
391.995435981749 125
0 25
440 125
0 25
523.251130601197 250
0 50
440 250
0 50
391.995435981749 250
0 50
329.62755691287 250
0 50
349.228231433004 250
0 50
329.62755691287 125
0 25
349.228231433004 125
0 25
329.62755691287 250
0 50
261.625565300599 250
0 50
293.664767917408 250
0 50
261.625565300599 250
0 50
195.997717990875 250
0 50
164.813778456435 250
0 50
146.832383958704 250
0 50
164.813778456435 250
0 50
174.614115716502 250
0 50
195.997717990875 250
0 50
220 250
0 50
277.182630976872 250
0 50
293.664767917408 250
0 50
329.62755691287 250
0 50
277.182630976872 250
0 0
440 250
0 50
391.995435981749 125
0 25
440 125
0 25
391.995435981749 125
0 25
440 125
0 25
554.365261953744 250
0 0
440 250
0 50
391.995435981749 125
0 25
440 125
0 25
391.995435981749 250
0 50
277.182630976872 250
0 0
554.365261953744 250
0 50
440 125
0 25
587.329535834815 125
0 25
440 125
0 25
587.329535834815 125
0 25
659.25511382574 250
0 50
391.995435981749 250
0 50
349.228231433004 250
0 50
329.62755691287 250
0 50
220 250
0 50
349.228231433004 250
0 50
329.62755691287 125
0 25
349.228231433004 125
0 25
329.62755691287 250
0 50
391.995435981749 250
0 50
349.228231433004 250
0 50
329.62755691287 125
0 25
349.228231433004 125
0 25
329.62755691287 125
0 25
261.625565300599 125
0 25
293.664767917408 250
0 50
440 250
0 50
391.995435981749 125
0 25
440 125
0 25
391.995435981749 125
0 25
440 125
0 25
523.251130601197 250
0 50
440 250
0 50
391.995435981749 250
0 50
440 250
0 50
220 250
0 50
349.228231433004 250
0 50
329.62755691287 125
0 25
349.228231433004 125
0 25
329.62755691287 250
0 50
391.995435981749 250
0 50
349.228231433004 250
0 50
329.62755691287 125
0 25
349.228231433004 125
0 25
329.62755691287 125
0 25
261.625565300599 125
0 25
293.664767917408 250
0 50
440 250
0 50
391.995435981749 125
0 25
440 125
0 25
391.995435981749 125
0 25
440 125
0 25
523.251130601197 250
0 50
440 250
0 50
391.995435981749 250
0 50
329.62755691287 250
0 50
349.228231433004 250
0 50
329.62755691287 125
0 25
349.228231433004 125
0 25
329.62755691287 250
0 50
261.625565300599 250
0 50
293.664767917408 250
0 50
261.625565300599 250
0 50
195.997717990875 250
0 50
164.813778456435 250
0 50
146.832383958704 250
0 50
164.813778456435 250
0 50
174.614115716502 250
0 50
195.997717990875 250
0 50
220 250
0 50
277.182630976872 250
0 50
293.664767917408 250
0 50
329.62755691287 250
0 50
277.182630976872 250
0 0
440 250
0 50
391.995435981749 125
0 25
440 125
0 25
391.995435981749 125
0 25
440 125
0 25
554.365261953744 250
0 0
440 250
0 50
391.995435981749 125
0 25
440 125
0 25
391.995435981749 250
0 50
277.182630976872 250
0 0
554.365261953744 250
0 50
440 125
0 25
587.329535834815 125
0 25
440 125
0 25
587.329535834815 125
0 25
659.25511382574 250
0 50
587.329535834815 250
0 50
880 500
0 0
587.329535834815 500
0 100
698.456462866008 500
0 100
659.25511382574 500
0 100
587.329535834815 250
0 50
523.251130601197 800
0 100
880 500
0 100
659.25511382574 500
0 100
523.251130601197 250
0 50
554.365261953744 250
0 50
587.329535834815 500
0 100
698.456462866008 500
0 100
659.25511382574 500
0 100
587.329535834815 250
0 50
523.251130601197 800
0 100
880 500
0 100
659.25511382574 250
0 50
587.329535834815 250
0 50
523.251130601197 500
0 100
587.329535834815 500
0 100
698.456462866008 500
0 100
659.25511382574 500
0 100
587.329535834815 250
0 50
523.251130601197 800
0 100
880 500
0 100
659.25511382574 500
0 100
523.251130601197 250
0 50
554.365261953744 250
0 50
587.329535834815 500
0 100
698.456462866008 500
0 100
659.25511382574 500
0 100
698.456462866008 250
0 50
783.990871963498 800
0 100
698.456462866008 500
0 100
659.25511382574 500
0 100
523.251130601197 250
0 50
554.365261953744 250
0 50
698.456462866008 500
0 0
587.329535834815 0
0 100
880 500
0 0
698.456462866008 0
0 100
783.990871963498 250
0 0
659.25511382574 0
0 50
698.456462866008 500
0 0
587.329535834815 0
0 100
659.25511382574 800
0 0
523.251130601197 0
0 100
1046.50226120239 500
0 0
880 0
0 100
783.990871963498 500
0 0
659.25511382574 0
0 100
659.25511382574 500
0 0
523.251130601197 0
0 100
698.456462866008 500
0 0
587.329535834815 0
0 100
880 500
0 0
698.456462866008 0
0 100
783.990871963498 250
0 0
659.25511382574 0
0 50
880 500
0 0
698.456462866008 0
0 100
932.32752303618 800
0 0
783.990871963498 0
0 100
880 500
0 0
698.456462866008 0
0 100
783.990871963498 500
0 0
659.25511382574 0
0 100
659.25511382574 500
0 0
523.251130601197 0
0 100
587.329535834815 500
0 0
466.16376151809 0
0 100
698.456462866008 500
0 0
587.329535834815 0
0 100
659.25511382574 500
0 0
523.251130601197 0
0 100
587.329535834815 500
0 0
466.16376151809 0
0 100
587.329535834815 500
0 0
466.16376151809 0
0 100
932.32752303618 500
0 0
783.990871963498 0
0 100
880 500
0 0
659.25511382574 0
0 100
783.990871963498 500
0 0
587.329535834815 0
0 100
880 250
0 0
659.25511382574 0
0 50
659.25511382574 125
0 25
554.365261953744 125
0 25
440 250
0 50
554.365261953744 250
0 50
987.766602512248 250
0 0
493.883301256124 250
0 50
932.32752303618 250
0 0
1108.73052390749 800
0 0
783.990871963498 0
0 100
1108.73052390749 250
0 0
1174.65907166963 250
0 0
1318.51022765148 250
0 0
880 0
0 0
261.625565300599 31.25
0 6.25
293.664767917408 31.25
0 6.25
329.62755691287 31.25
0 6.25
349.228231433004 31.25
0 6.25
391.995435981749 31.25
0 6.25
440 31.25
0 6.25
493.883301256124 31.25
0 6.25
523.251130601197 31.25
0 6.25
587.329535834815 31.25
0 6.25
659.25511382574 31.25
0 6.25
698.456462866008 31.25
0 6.25
783.990871963498 31.25
0 6.25
880 31.25
0 6.25
987.766602512248 31.25
0 6.25
1046.50226120239 31.25
0 6.25
1174.65907166963 31.25
0 231.25
440 250
0 0
698.456462866008 250
0 0
659.25511382574 125
0 25
698.456462866008 125
0 25
659.25511382574 250
0 50
783.990871963498 250
0 0
698.456462866008 250
0 50
659.25511382574 125
0 25
698.456462866008 125
0 25
659.25511382574 125
0 25
523.251130601197 125
0 25
587.329535834815 250
0 50
880 250
0 0
783.990871963498 125
0 25
880 125
0 25
783.990871963498 125
0 25
880 125
0 25
1046.50226120239 250
0 0
880 250
0 50
783.990871963498 250
0 50
880 250
0 50
440 250
0 0
698.456462866008 250
0 0
659.25511382574 125
0 25
698.456462866008 125
0 25
659.25511382574 250
0 50
783.990871963498 250
0 0
698.456462866008 250
0 50
659.25511382574 125
0 25
698.456462866008 125
0 25
659.25511382574 125
0 25
523.251130601197 125
0 25
587.329535834815 250
0 50
880 250
0 0
783.990871963498 125
0 25
880 125
0 25
783.990871963498 125
0 25
880 125
0 25
1108.73052390749 250
0 0
880 250
0 50
783.990871963498 250
0 50
880 250
0 50
440 250
0 0
698.456462866008 250
0 0
659.25511382574 125
0 25
698.456462866008 125
0 25
659.25511382574 250
0 50
783.990871963498 250
0 0
698.456462866008 250
0 50
659.25511382574 125
0 25
698.456462866008 125
0 25
659.25511382574 125
0 25
523.251130601197 125
0 25
587.329535834815 250
0 50
880 250
0 0
783.990871963498 125
0 25
880 125
0 25
783.990871963498 125
0 25
880 125
0 25
1046.50226120239 250
0 0
880 250
0 50
698.456462866008 250
0 50
739.988845423269 250
0 50
783.990871963498 250
0 0
587.329535834815 0
0 50
466.16376151809 125
0 25
587.329535834815 125
0 25
466.16376151809 250
0 50
783.990871963498 250
0 0
880 250
0 0
440 125
0 25
880 125
0 0
440 250
0 50
880 250
0 0
932.32752303618 250
0 0
587.329535834815 250
0 50
987.766602512248 250
0 0
587.329535834815 250
0 50
1046.50226120239 1000
0 0
783.990871963498 0
0 200
440 250
0 0
698.456462866008 250
0 0
659.25511382574 125
0 25
698.456462866008 125
0 25
659.25511382574 250
0 50
783.990871963498 250
0 0
698.456462866008 250
0 50
659.25511382574 125
0 25
698.456462866008 125
0 25
659.25511382574 125
0 25
523.251130601197 125
0 25
587.329535834815 250
0 50
880 250
0 0
783.990871963498 125
0 25
880 125
0 25
783.990871963498 125
0 25
880 125
0 25
1046.50226120239 250
0 0
880 250
0 50
783.990871963498 250
0 50
880 250
0 50
440 250
0 0
698.456462866008 250
0 0
659.25511382574 125
0 25
698.456462866008 125
0 25
659.25511382574 250
0 50
783.990871963498 250
0 0
698.456462866008 250
0 50
659.25511382574 125
0 25
698.456462866008 125
0 25
659.25511382574 125
0 25
523.251130601197 125
0 25
587.329535834815 250
0 50
880 250
0 0
783.990871963498 125
0 25
880 125
0 25
783.990871963498 125
0 25
880 125
0 25
1108.73052390749 250
0 0
880 250
0 50
783.990871963498 250
0 50
880 250
0 50
440 250
0 0
698.456462866008 250
0 0
659.25511382574 125
0 25
698.456462866008 125
0 25
659.25511382574 250
0 50
783.990871963498 250
0 0
698.456462866008 250
0 50
659.25511382574 125
0 25
698.456462866008 125
0 25
659.25511382574 125
0 25
523.251130601197 125
0 25
587.329535834815 250
0 50
880 250
0 0
783.990871963498 125
0 25
880 125
0 25
783.990871963498 125
0 25
880 125
0 25
1046.50226120239 250
0 0
880 250
0 50
698.456462866008 250
0 50
739.988845423269 250
0 50
783.990871963498 250
0 0
587.329535834815 0
0 50
466.16376151809 125
0 25
587.329535834815 125
0 25
466.16376151809 250
0 50
783.990871963498 250
0 0
880 250
0 0
659.25511382574 0
0 50
783.990871963498 250
0 50
698.456462866008 250
0 50
659.25511382574 250
0 50
587.329535834815 2000
0 0
440 0
0 400
146.832383958704 100
0 200
220 100
0 200
195.997717990875 125
0 25
220 100
0 200
164.813778456435 100
0 200
174.614115716502 100
0 200
220 125
0 25
195.997717990875 125
0 25
174.614115716502 125
0 25
164.813778456435 125
0 25
146.832383958704 212.5
0 237.5
220 100
0 200
195.997717990875 125
0 25
220 100
0 200
164.813778456435 100
0 200
174.614115716502 100
0 200
220 50
0 100
130.812782650299 100
0 200
138.591315488436 100
0 200
146.832383958704 100
0 200
220 100
0 200
195.997717990875 125
0 25
220 100
0 200
164.813778456435 100
0 200
174.614115716502 100
0 200
220 125
0 25
195.997717990875 125
0 25
174.614115716502 125
0 25
164.813778456435 125
0 25
146.832383958704 212.5
0 237.5
220 100
0 200
195.997717990875 125
0 25
220 100
0 200
164.813778456435 100
0 200
174.614115716502 100
0 200
220 50
0 100
130.812782650299 100
0 200
138.591315488436 100
0 200
146.832383958704 100
0 200
220 100
0 200
195.997717990875 125
0 25
220 100
0 200
164.813778456435 100
0 200
174.614115716502 100
0 200
220 125
0 25
195.997717990875 125
0 25
174.614115716502 125
0 25
164.813778456435 125
0 25
146.832383958704 212.5
0 237.5
220 100
0 200
195.997717990875 125
0 25
220 100
0 200
164.813778456435 100
0 200
174.614115716502 100
0 200
220 50
0 100
130.812782650299 100
0 200
138.591315488436 100
0 200
146.832383958704 100
0 200
220 100
0 200
195.997717990875 125
0 25
220 100
0 200
164.813778456435 100
0 200
174.614115716502 100
0 200
220 125
0 25
195.997717990875 125
0 25
174.614115716502 125
0 25
164.813778456435 125
0 25
146.832383958704 275
0 175
220 100
0 200
195.997717990875 125
0 25
220 100
0 200
261.625565300599 100
0 200
261.625565300599 125
0 25
220 250
0 50
329.62755691287 250
0 0
261.625565300599 125
0 25
277.182630976872 125
0 25
293.664767917408 100
0 0
440 100
0 0
391.995435981749 125
0 25
440 100
0 200
329.62755691287 100
0 0
349.228231433004 100
0 0
440 125
0 25
391.995435981749 125
0 25
349.228231433004 125
0 25
329.62755691287 125
0 25
293.664767917408 212.5
0 237.5
440 100
0 0
391.995435981749 125
0 25
440 100
0 200
329.62755691287 250
0 0
349.228231433004 125
0 0
440 100
0 200
261.625565300599 100
0 0
277.182630976872 100
0 0
293.664767917408 100
0 0
440 100
0 0
391.995435981749 125
0 25
440 100
0 200
329.62755691287 100
0 0
349.228231433004 100
0 0
440 125
0 25
391.995435981749 125
0 25
349.228231433004 125
0 25
329.62755691287 125
0 25
293.664767917408 212.5
0 237.5
440 100
0 0
391.995435981749 125
0 25
440 100
0 200
329.62755691287 250
0 0
349.228231433004 125
0 0
440 100
0 200
261.625565300599 100
0 0
277.182630976872 100
0 0
293.664767917408 100
0 0
440 100
0 0
391.995435981749 125
0 25
440 100
0 200
329.62755691287 100
0 0
349.228231433004 100
0 0
440 125
0 25
391.995435981749 125
0 25
349.228231433004 125
0 25
329.62755691287 125
0 25
293.664767917408 212.5
0 237.5
440 100
0 0
391.995435981749 125
0 25
440 100
0 200
329.62755691287 250
0 0
349.228231433004 125
0 0
440 100
0 200
261.625565300599 100
0 0
277.182630976872 100
0 0
293.664767917408 100
0 0
440 100
0 0
391.995435981749 125
0 25
440 100
0 200
329.62755691287 100
0 0
349.228231433004 100
0 0
440 125
0 25
391.995435981749 125
0 25
349.228231433004 125
0 25
329.62755691287 125
0 25
293.664767917408 212.5
0 12.5
220 62.5
0 12.5
246.941650628062 62.5
0 12.5
261.625565300599 62.5
0 12.5
293.664767917408 62.5
0 12.5
329.62755691287 62.5
0 12.5
349.228231433004 62.5
0 12.5
391.995435981749 62.5
0 12.5
440 62.5
0 12.5
493.883301256124 62.5
0 12.5
523.251130601197 62.5
0 12.5
587.329535834815 62.5
0 12.5
659.25511382574 62.5
0 12.5
698.456462866008 62.5
0 12.5
783.990871963498 62.5
0 12.5
880 62.5
0 12.5
987.766602512248 62.5
0 12.5
1046.50226120239 62.5
0 12.5
1174.65907166963 62.5
0 12.5
1318.51022765148 62.5
0 12.5
1396.91292573202 62.5
0 12.5
1567.981743927 62.5
0 12.5
1760 62.5
0 12.5
1975.5332050245 62.5
0 12.5
2093.00452240479 62.5
0 12.5
2349.31814333926 62.5
0 462.5
440 250
0 0
698.456462866008 250
0 0
659.25511382574 125
0 25
698.456462866008 125
0 25
659.25511382574 250
0 50
783.990871963498 250
0 0
698.456462866008 250
0 50
659.25511382574 125
0 25
698.456462866008 125
0 25
659.25511382574 125
0 25
523.251130601197 125
0 25
587.329535834815 250
0 50
880 250
0 0
783.990871963498 125
0 25
880 125
0 25
783.990871963498 125
0 25
880 125
0 25
1046.50226120239 250
0 0
880 250
0 50
783.990871963498 250
0 50
880 250
0 50
440 250
0 0
698.456462866008 250
0 0
659.25511382574 125
0 25
698.456462866008 125
0 25
659.25511382574 250
0 50
783.990871963498 250
0 0
698.456462866008 250
0 50
659.25511382574 125
0 25
698.456462866008 125
0 25
659.25511382574 125
0 25
523.251130601197 125
0 25
587.329535834815 250
0 50
880 250
0 0
783.990871963498 125
0 25
880 125
0 25
783.990871963498 125
0 25
880 125
0 25
1108.73052390749 250
0 0
880 250
0 50
783.990871963498 250
0 50
880 250
0 50
440 250
0 0
698.456462866008 250
0 0
659.25511382574 125
0 25
698.456462866008 125
0 25
659.25511382574 250
0 50
783.990871963498 250
0 0
698.456462866008 250
0 50
659.25511382574 125
0 25
698.456462866008 125
0 25
659.25511382574 125
0 25
523.251130601197 125
0 25
587.329535834815 250
0 50
880 250
0 0
783.990871963498 125
0 25
880 125
0 25
783.990871963498 125
0 25
880 125
0 25
1046.50226120239 250
0 0
880 250
0 50
698.456462866008 250
0 50
739.988845423269 250
0 50
783.990871963498 250
0 0
587.329535834815 0
0 50
466.16376151809 125
0 25
587.329535834815 125
0 25
466.16376151809 250
0 50
783.990871963498 250
0 0
880 250
0 0
440 125
0 25
880 125
0 0
440 250
0 50
880 250
0 0
932.32752303618 250
0 0
587.329535834815 250
0 50
987.766602512248 250
0 0
587.329535834815 250
0 50
1046.50226120239 1000
0 0
783.990871963498 0
0 200
440 250
0 0
698.456462866008 250
0 0
659.25511382574 125
0 25
698.456462866008 125
0 25
659.25511382574 250
0 50
783.990871963498 250
0 0
698.456462866008 250
0 50
659.25511382574 125
0 25
698.456462866008 125
0 25
659.25511382574 125
0 25
523.251130601197 125
0 25
587.329535834815 250
0 50
880 250
0 0
783.990871963498 125
0 25
880 125
0 25
783.990871963498 125
0 25
880 125
0 25
1046.50226120239 250
0 0
880 250
0 50
783.990871963498 250
0 50
880 250
0 50
440 250
0 0
698.456462866008 250
0 0
659.25511382574 125
0 25
698.456462866008 125
0 25
659.25511382574 250
0 50
783.990871963498 250
0 0
698.456462866008 250
0 50
659.25511382574 125
0 25
698.456462866008 125
0 25
659.25511382574 125
0 25
523.251130601197 125
0 25
587.329535834815 250
0 50
880 250
0 0
783.990871963498 125
0 25
880 125
0 25
783.990871963498 125
0 25
880 125
0 25
1108.73052390749 250
0 0
880 250
0 50
783.990871963498 250
0 50
880 250
0 50
440 250
0 0
698.456462866008 250
0 0
659.25511382574 125
0 25
698.456462866008 125
0 25
659.25511382574 250
0 50
783.990871963498 250
0 0
698.456462866008 250
0 50
659.25511382574 125
0 25
698.456462866008 125
0 25
659.25511382574 125
0 25
523.251130601197 125
0 25
587.329535834815 250
0 50
880 250
0 0
783.990871963498 125
0 25
880 125
0 25
783.990871963498 125
0 25
880 125
0 25
1046.50226120239 250
0 0
880 250
0 50
698.456462866008 250
0 50
739.988845423269 250
0 50
783.990871963498 250
0 0
587.329535834815 0
0 50
466.16376151809 125
0 25
587.329535834815 125
0 25
466.16376151809 250
0 50
783.990871963498 250
0 0
880 250
0 0
659.25511382574 0
0 50
440 125
0 25
880 250
0 0
440 125
0 25
932.32752303618 550
0 0
698.456462866008 0
0 50
1396.91292573202 250
0 0
1046.50226120239 0
0 50
1318.51022765148 250
0 50
1174.65907166963 250
0 50
1318.51022765148 1000
0 0
466.16376151809 250
0 0
739.988845423269 250
0 0
698.456462866008 125
0 25
739.988845423269 125
0 25
698.456462866008 125
0 25
739.988845423269 125
0 25
830.60939515989 250
0 0
739.988845423269 250
0 50
698.456462866008 125
0 25
739.988845423269 125
0 25
698.456462866008 125
0 25
554.365261953744 125
0 25
622.253967444162 250
0 50
932.32752303618 250
0 0
830.60939515989 125
0 25
932.32752303618 125
0 25
830.60939515989 125
0 25
932.32752303618 125
0 25
1108.73052390749 250
0 0
932.32752303618 250
0 50
830.60939515989 250
0 50
932.32752303618 250
0 50
466.16376151809 250
0 0
739.988845423269 250
0 50
698.456462866008 125
0 25
739.988845423269 125
0 25
698.456462866008 125
0 25
739.988845423269 125
0 25
830.60939515989 250
0 0
739.988845423269 250
0 50
698.456462866008 125
0 25
739.988845423269 125
0 25
698.456462866008 125
0 25
554.365261953744 125
0 25
622.253967444162 250
0 50
932.32752303618 250
0 0
830.60939515989 125
0 25
932.32752303618 125
0 25
830.60939515989 125
0 25
932.32752303618 125
0 25
1174.65907166963 250
0 0
932.32752303618 250
0 50
830.60939515989 250
0 50
932.32752303618 250
0 50
466.16376151809 250
0 0
739.988845423269 250
0 50
698.456462866008 125
0 25
739.988845423269 125
0 25
698.456462866008 125
0 25
739.988845423269 125
0 25
830.60939515989 250
0 0
739.988845423269 250
0 50
698.456462866008 125
0 25
739.988845423269 125
0 25
698.456462866008 125
0 25
554.365261953744 125
0 25
622.253967444162 250
0 50
932.32752303618 250
0 0
830.60939515989 125
0 25
932.32752303618 125
0 25
830.60939515989 125
0 25
932.32752303618 125
0 25
1108.73052390749 250
0 0
932.32752303618 250
0 50
830.60939515989 250
0 0
783.990871963498 250
0 50
830.60939515989 250
0 0
493.883301256124 125
0 25
830.60939515989 125
0 0
466.16376151809 250
0 50
830.60939515989 250
0 0
932.32752303618 250
0 0
554.365261953744 125
0 25
932.32752303618 125
0 0
554.365261953744 250
0 50
932.32752303618 250
0 0
987.766602512248 250
0 0
622.253967444162 250
0 50
1046.50226120239 250
0 0
622.253967444162 250
0 50
1108.73052390749 1000
0 0
830.60939515989 0
0 200
466.16376151809 250
0 0
739.988845423269 250
0 0
698.456462866008 125
0 25
739.988845423269 125
0 25
698.456462866008 125
0 25
739.988845423269 125
0 25
830.60939515989 250
0 0
739.988845423269 250
0 50
698.456462866008 125
0 25
739.988845423269 125
0 25
698.456462866008 125
0 25
554.365261953744 125
0 25
622.253967444162 250
0 50
932.32752303618 250
0 0
830.60939515989 125
0 25
932.32752303618 125
0 25
830.60939515989 125
0 25
932.32752303618 125
0 25
1108.73052390749 250
0 0
932.32752303618 250
0 50
830.60939515989 250
0 50
932.32752303618 250
0 50
466.16376151809 250
0 0
739.988845423269 250
0 50
698.456462866008 125
0 25
739.988845423269 125
0 25
698.456462866008 125
0 25
739.988845423269 125
0 25
830.60939515989 250
0 0
739.988845423269 250
0 50
698.456462866008 125
0 25
739.988845423269 125
0 25
698.456462866008 125
0 25
554.365261953744 125
0 25
622.253967444162 250
0 50
932.32752303618 250
0 0
830.60939515989 125
0 25
932.32752303618 125
0 25
830.60939515989 125
0 25
932.32752303618 125
0 25
1174.65907166963 250
0 0
932.32752303618 250
0 50
1108.73052390749 250
0 0
1396.91292573202 250
0 0
1244.50793488832 750
0 0
932.32752303618 0
0 150
1244.50793488832 250
0 0
932.32752303618 0
0 50
1244.50793488832 250
0 0
932.32752303618 0
0 50
1108.73052390749 500
0 0
830.60939515989 0
0 100
1244.50793488832 550
0 0
932.32752303618 0
0 50
1244.50793488832 250
0 0
932.32752303618 0
0 50
1108.73052390749 250
0 0
830.60939515989 0
0 350
932.32752303618 125
0 25
1108.73052390749 125
0 25
932.32752303618 250
0 50
830.60939515989 250
0 50
932.32752303618 250
0 50
830.60939515989 500
0 0
622.253967444162 0
0 100
830.60939515989 250
0 0
622.253967444162 0
0 50
932.32752303618 250
0 0
739.988845423269 0
0 350
1479.97769084654 125
0 0
1108.73052390749 0
0 25
1479.97769084654 125
0 0
1108.73052390749 0
0 25
1396.91292573202 250
0 50
1108.73052390749 250
0 0
1244.50793488832 2000
0 0
932.32752303618 0
0 400
466.16376151809 500
0 0
739.988845423269 500
0 100
698.456462866008 250
0 50
739.988845423269 500
0 100
830.60939515989 800
0 0
739.988845423269 500
0 100
698.456462866008 500
0 100
554.365261953744 250
0 0
587.329535834815 250
0 50
622.253967444162 500
0 0
932.32752303618 500
0 0
830.60939515989 250
0 0
932.32752303618 500
0 0
1108.73052390749 800
0 0
987.766602512248 500
0 0
932.32752303618 500
0 0
830.60939515989 500
0 0
739.988845423269 1000
0 0
698.456462866008 250
0 0
739.988845423269 500
0 0
830.60939515989 800
0 0
739.988845423269 500
0 0
698.456462866008 500
0 0
554.365261953744 250
0 0
587.329535834815 250
0 50
622.253967444162 250
0 0
554.365261953744 250
0 50
698.456462866008 250
0 50
739.988845423269 550
0 50
554.365261953744 250
0 50
830.60939515989 250
0 0
932.32752303618 550
0 0
1108.73052390749 250
0 50
1244.50793488832 250
0 50
1479.97769084654 250
0 50
1396.91292573202 250
0 0
1244.50793488832 250
0 50
1108.73052390749 500
0 100
1244.50793488832 500
0 0
1479.97769084654 500
0 0
1396.91292573202 250
0 0
1244.50793488832 500
0 0
1244.50793488832 1800
0 0
1244.50793488832 800
0 0
1864.65504607236 500
0 0
1661.21879031978 250
0 50
1479.97769084654 250
0 0
1396.91292573202 250
0 0
1479.97769084654 1800
0 0
1479.97769084654 800
0 0
1396.91292573202 500
0 0
1244.50793488832 250
0 0
1396.91292573202 500
0 0
1479.97769084654 800
0 0
1396.91292573202 500
0 0
1244.50793488832 250
0 0
1396.91292573202 500
0 0
1567.981743927 1300
0 0
932.32752303618 0
0 0
233.081880759045 125
0 25
311.126983722081 125
0 25
466.16376151809 125
0 25
622.253967444162 125
0 25
932.32752303618 125
0 25
1244.50793488832 125
0 25
3135.96348785399 1500
0 0
1864.65504607236 0
0 0
987.766602512248 250
0 0
1567.981743927 250
0 50
1479.97769084654 125
0 25
1567.981743927 125
0 25
1479.97769084654 250
0 125
1760 250
0 50
1567.981743927 250
0 50
1479.97769084654 125
0 25
1567.981743927 125
0 25
1479.97769084654 125
0 25
1174.65907166963 125
0 100
1318.51022765148 250
0 50
1975.5332050245 250
0 50
1760 125
0 25
1975.5332050245 125
0 25
1760 125
0 25
1975.5332050245 125
0 100
2349.31814333926 250
0 50
1975.5332050245 250
0 50
1760 250
0 50
1975.5332050245 250
0 725
987.766602512248 250
0 50
1567.981743927 250
0 50
1479.97769084654 125
0 25
1567.981743927 125
0 25
1479.97769084654 250
0 125
1760 250
0 50
1567.981743927 250
0 50
1479.97769084654 125
0 25
1567.981743927 125
0 25
1479.97769084654 125
0 25
1174.65907166963 125
0 100
1318.51022765148 250
0 50
1975.5332050245 250
0 50
1760 125
0 25
1975.5332050245 125
0 25
1760 125
0 25
1975.5332050245 125
0 100
2349.31814333926 250
0 50
1975.5332050245 250
0 50
1760 250
0 50
1975.5332050245 2300
