0 2100
73.4161919793519 8550
0 0
73.4161919793519 1950
0 0
73.4161919793519 1950
0 0
73.4161919793519 1000
0 0
73.4161919793519 1000
0 200
110 500
0 0
146.832383958704 500
0 0
110 0
0 100
146.832383958704 500
0 0
110 0
0 100
146.832383958704 250
0 0
110 0
0 50
146.832383958704 250
0 0
110 0
0 50
73.4161919793519 250
0 50
174.614115716502 250
0 0
73.4161919793519 250
0 50
174.614115716502 250
0 0
73.4161919793519 250
0 50
174.614115716502 250
0 0
73.4161919793519 250
0 50
174.614115716502 250
0 0
73.4161919793519 250
0 50
174.614115716502 250
0 0
73.4161919793519 250
0 50
174.614115716502 250
0 0
73.4161919793519 250
0 50
174.614115716502 250
0 0
73.4161919793519 250
0 50
174.614115716502 250
0 0
73.4161919793519 250
0 50
174.614115716502 250
0 0
73.4161919793519 250
0 50
174.614115716502 250
0 0
73.4161919793519 250
0 50
174.614115716502 250
0 0
73.4161919793519 250
0 50
174.614115716502 250
0 0
73.4161919793519 250
0 50
174.614115716502 250
0 0
73.4161919793519 250
0 50
174.614115716502 250
0 0
73.4161919793519 250
0 50
174.614115716502 250
0 0
73.4161919793519 250
0 50
174.614115716502 250
0 0
73.4161919793519 250
0 50
174.614115716502 250
0 0
73.4161919793519 250
0 50
174.614115716502 250
0 0
73.4161919793519 250
0 50
174.614115716502 250
0 0
73.4161919793519 250
0 50
174.614115716502 250
0 0
73.4161919793519 250
0 50
174.614115716502 250
0 0
73.4161919793519 250
0 50
174.614115716502 250
0 0
73.4161919793519 250
0 50
174.614115716502 250
0 0
73.4161919793519 250
0 50
174.614115716502 250
0 0
73.4161919793519 250
0 50
174.614115716502 250
0 0
73.4161919793519 250
0 50
174.614115716502 250
0 0
73.4161919793519 250
0 50
174.614115716502 250
0 0
73.4161919793519 250
0 50
174.614115716502 250
0 0
73.4161919793519 250
0 50
174.614115716502 250
0 0
73.4161919793519 250
0 50
174.614115716502 250
0 0
73.4161919793519 250
0 50
174.614115716502 250
0 0
73.4161919793519 250
0 50
174.614115716502 250
0 0
58.2704701897612 250
0 50
146.832383958704 250
0 0
58.2704701897612 250
0 50
146.832383958704 250
0 0
65.4063913251497 250
0 50
164.813778456435 250
0 0
65.4063913251497 250
0 50
164.813778456435 250
0 0
73.4161919793519 250
0 50
174.614115716502 250
0 0
73.4161919793519 250
0 50
174.614115716502 250
0 0
73.4161919793519 250
0 50
174.614115716502 250
0 0
73.4161919793519 250
0 50
174.614115716502 250
0 0
58.2704701897612 250
0 50
146.832383958704 250
0 0
58.2704701897612 250
0 50
146.832383958704 250
0 0
65.4063913251497 250
0 50
164.813778456435 250
0 0
65.4063913251497 250
0 50
164.813778456435 250
0 0
73.4161919793519 250
0 50
146.832383958704 250
0 50
82.4068892282175 250
0 50
164.813778456435 250
0 50
87.307057858251 250
0 50
174.614115716502 250
0 50
97.9988589954373 250
0 50
195.997717990875 250
0 50
58.2704701897612 250
0 50
146.832383958704 250
0 0
58.2704701897612 250
0 50
146.832383958704 250
0 0
65.4063913251497 250
0 50
164.813778456435 250
0 0
65.4063913251497 250
0 50
164.813778456435 250
0 0
73.4161919793519 250
0 50
174.614115716502 250
0 0
73.4161919793519 250
0 50
174.614115716502 250
0 0
73.4161919793519 250
0 50
174.614115716502 250
0 0
73.4161919793519 250
0 50
174.614115716502 250
0 0
48.9994294977187 250
0 50
116.540940379522 250
0 50
48.9994294977187 250
0 50
116.540940379522 250
0 50
55 250
0 50
130.812782650299 250
0 0
55 250
0 50
130.812782650299 250
0 0
58.2704701897612 250
0 50
146.832383958704 250
0 0
61.7354126570155 250
0 50
146.832383958704 250
0 0
65.4063913251497 250
0 50
164.813778456435 250
0 0
65.4063913251497 250
0 50
164.813778456435 250
0 0
58.2704701897612 250
0 50
146.832383958704 250
0 0
58.2704701897612 250
0 50
146.832383958704 250
0 0
65.4063913251497 250
0 50
164.813778456435 250
0 0
65.4063913251497 250
0 50
164.813778456435 250
0 0
73.4161919793519 250
0 50
174.614115716502 250
0 0
73.4161919793519 250
0 50
174.614115716502 250
0 0
73.4161919793519 250
0 50
174.614115716502 250
0 0
73.4161919793519 250
0 50
174.614115716502 250
0 0
58.2704701897612 250
0 50
146.832383958704 250
0 0
58.2704701897612 250
0 50
146.832383958704 250
0 0
65.4063913251497 250
0 50
164.813778456435 250
0 0
65.4063913251497 250
0 50
164.813778456435 250
0 0
73.4161919793519 250
0 50
146.832383958704 250
0 50
82.4068892282175 250
0 50
164.813778456435 250
0 50
87.307057858251 250
0 50
174.614115716502 250
0 50
97.9988589954373 250
0 50
195.997717990875 250
0 50
58.2704701897612 250
0 50
146.832383958704 250
0 0
58.2704701897612 250
0 50
146.832383958704 250
0 0
65.4063913251497 250
0 50
164.813778456435 250
0 0
65.4063913251497 250
0 50
164.813778456435 250
0 0
73.4161919793519 250
0 50
174.614115716502 250
0 0
73.4161919793519 250
0 50
174.614115716502 250
0 0
73.4161919793519 250
0 50
174.614115716502 250
0 0
73.4161919793519 250
0 50
174.614115716502 250
0 0
48.9994294977187 250
0 50
116.540940379522 250
0 50
48.9994294977187 250
0 50
116.540940379522 250
0 50
55 250
0 50
130.812782650299 250
0 0
55 250
0 50
130.812782650299 250
0 0
73.4161919793519 250
0 50
174.614115716502 250
0 0
73.4161919793519 250
0 50
174.614115716502 250
0 0
73.4161919793519 250
0 50
174.614115716502 250
0 0
73.4161919793519 250
0 50
174.614115716502 250
0 0
73.4161919793519 250
0 50
174.614115716502 250
0 0
73.4161919793519 250
0 50
174.614115716502 250
0 0
73.4161919793519 250
0 50
174.614115716502 250
0 0
73.4161919793519 250
0 50
174.614115716502 250
0 0
73.4161919793519 250
0 50
174.614115716502 250
0 0
73.4161919793519 250
0 50
174.614115716502 250
0 0
73.4161919793519 250
0 50
174.614115716502 250
0 0
73.4161919793519 250
0 50
174.614115716502 250
0 0
58.2704701897612 250
0 50
146.832383958704 250
0 0
58.2704701897612 250
0 50
146.832383958704 250
0 0
58.2704701897612 250
0 50
146.832383958704 250
0 0
58.2704701897612 250
0 50
146.832383958704 250
0 0
58.2704701897612 250
0 50
146.832383958704 250
0 0
58.2704701897612 250
0 50
146.832383958704 250
0 0
58.2704701897612 250
0 50
146.832383958704 250
0 0
58.2704701897612 250
0 50
146.832383958704 250
0 0
48.9994294977187 250
0 50
116.540940379522 250
0 0
48.9994294977187 250
0 50
116.540940379522 250
0 50
48.9994294977187 250
0 50
116.540940379522 250
0 50
48.9994294977187 250
0 50
116.540940379522 250
0 50
48.9994294977187 250
0 50
116.540940379522 250
0 50
48.9994294977187 250
0 50
116.540940379522 250
0 50
48.9994294977187 250
0 50
116.540940379522 250
0 50
48.9994294977187 250
0 50
116.540940379522 250
0 50
55 250
0 50
138.591315488436 250
0 0
55 250
0 50
146.832383958704 250
0 50
55 250
0 50
146.832383958704 250
0 50
55 250
0 50
146.832383958704 250
0 50
55 250
0 50
138.591315488436 250
0 50
55 250
0 50
146.832383958704 250
0 50
55 250
0 50
146.832383958704 250
0 50
55 250
0 50
146.832383958704 250
0 50
73.4161919793519 250
0 50
174.614115716502 250
0 0
73.4161919793519 250
0 50
174.614115716502 250
0 0
73.4161919793519 250
0 50
174.614115716502 250
0 0
73.4161919793519 250
0 50
174.614115716502 250
0 0
73.4161919793519 250
0 50
174.614115716502 250
0 0
73.4161919793519 250
0 50
174.614115716502 250
0 0
73.4161919793519 250
0 50
174.614115716502 250
0 0
73.4161919793519 250
0 50
174.614115716502 250
0 0
58.2704701897612 250
0 50
146.832383958704 250
0 0
58.2704701897612 250
0 50
146.832383958704 250
0 0
58.2704701897612 250
0 50
146.832383958704 250
0 0
58.2704701897612 250
0 50
146.832383958704 250
0 0
58.2704701897612 250
0 50
146.832383958704 250
0 0
58.2704701897612 250
0 50
146.832383958704 250
0 0
58.2704701897612 250
0 50
146.832383958704 250
0 0
58.2704701897612 250
0 50
146.832383958704 250
0 0
48.9994294977187 250
0 50
116.540940379522 250
0 0
48.9994294977187 250
0 50
116.540940379522 250
0 50
48.9994294977187 250
0 50
116.540940379522 250
0 50
48.9994294977187 250
0 50
116.540940379522 250
0 50
51.9130871974931 250
0 50
123.470825314031 250
0 0
55 250
0 50
123.470825314031 250
0 0
55 250
0 50
123.470825314031 250
0 0
55 250
0 50
123.470825314031 250
0 0
55 250
0 50
138.591315488436 250
0 0
55 250
0 50
146.832383958704 250
0 50
55 250
0 50
146.832383958704 250
0 50
55 250
0 50
146.832383958704 250
0 50
55 250
0 50
138.591315488436 250
0 50
55 250
0 50
146.832383958704 250
0 50
55 250
0 50
146.832383958704 250
0 50
55 250
0 50
146.832383958704 250
0 50
58.2704701897612 250
0 50
87.307057858251 250
0 50
116.540940379522 250
0 50
146.832383958704 250
0 50
174.614115716502 250
0 50
233.081880759045 250
0 50
293.664767917408 500
0 100
65.4063913251497 250
0 50
97.9988589954373 250
0 50
130.812782650299 250
0 50
164.813778456435 250
0 50
195.997717990875 250
0 50
261.625565300599 250
0 50
329.62755691287 500
0 100
73.4161919793519 250
0 50
110 250
0 50
146.832383958704 250
0 50
174.614115716502 250
0 50
220 250
0 50
293.664767917408 250
0 50
349.228231433004 500
0 100
73.4161919793519 250
0 50
110 250
0 50
146.832383958704 250
0 50
174.614115716502 250
0 50
220 250
0 50
293.664767917408 250
0 50
349.228231433004 500
0 100
58.2704701897612 250
0 50
87.307057858251 250
0 50
116.540940379522 250
0 50
146.832383958704 250
0 50
174.614115716502 250
0 50
233.081880759045 250
0 50
293.664767917408 500
0 100
65.4063913251497 250
0 50
97.9988589954373 250
0 50
130.812782650299 250
0 50
164.813778456435 250
0 50
195.997717990875 250
0 50
261.625565300599 250
0 50
329.62755691287 500
0 100
73.4161919793519 250
0 50
110 250
0 50
146.832383958704 250
0 50
174.614115716502 250
0 50
220 250
0 50
293.664767917408 250
0 50
349.228231433004 500
0 100
73.4161919793519 250
0 50
174.614115716502 250
0 0
73.4161919793519 250
0 50
174.614115716502 250
0 0
73.4161919793519 250
0 50
174.614115716502 250
0 0
73.4161919793519 250
0 50
174.614115716502 250
0 0
58.2704701897612 250
0 50
146.832383958704 250
0 0
58.2704701897612 250
0 50
146.832383958704 250
0 0
58.2704701897612 250
0 50
146.832383958704 250
0 0
58.2704701897612 250
0 50
146.832383958704 250
0 0
65.4063913251497 250
0 50
164.813778456435 250
0 0
65.4063913251497 250
0 50
164.813778456435 250
0 0
65.4063913251497 250
0 50
164.813778456435 250
0 0
65.4063913251497 250
0 50
164.813778456435 250
0 0
73.4161919793519 250
0 50
174.614115716502 250
0 0
73.4161919793519 250
0 50
174.614115716502 250
0 0
73.4161919793519 250
0 50
174.614115716502 250
0 0
73.4161919793519 250
0 50
174.614115716502 250
0 0
73.4161919793519 250
0 50
174.614115716502 250
0 0
73.4161919793519 250
0 50
174.614115716502 250
0 0
73.4161919793519 250
0 50
174.614115716502 250
0 0
65.4063913251497 250
0 50
164.813778456435 250
0 0
58.2704701897612 250
0 50
146.832383958704 250
0 0
58.2704701897612 250
0 50
146.832383958704 250
0 0
58.2704701897612 250
0 50
146.832383958704 250
0 0
58.2704701897612 250
0 50
146.832383958704 250
0 0
58.2704701897612 250
0 50
146.832383958704 250
0 0
58.2704701897612 250
0 50
146.832383958704 250
0 0
58.2704701897612 250
0 50
146.832383958704 250
0 0
58.2704701897612 250
0 50
146.832383958704 250
0 0
110 1000
0 0
110 750
0 0
110 250
0 0
55 500
0 100
110 250
0 50
55 250
0 50
110 750
0 0
55 250
0 50
58.2704701897612 250
0 50
146.832383958704 250
0 0
58.2704701897612 250
0 50
146.832383958704 250
0 0
65.4063913251497 250
0 50
164.813778456435 250
0 0
65.4063913251497 250
0 50
164.813778456435 250
0 0
73.4161919793519 250
0 50
174.614115716502 250
0 0
73.4161919793519 250
0 50
174.614115716502 250
0 0
73.4161919793519 250
0 50
174.614115716502 250
0 0
73.4161919793519 250
0 50
174.614115716502 250
0 0
58.2704701897612 250
0 50
146.832383958704 250
0 0
58.2704701897612 250
0 50
146.832383958704 250
0 0
65.4063913251497 250
0 50
164.813778456435 250
0 0
65.4063913251497 250
0 50
164.813778456435 250
0 0
73.4161919793519 250
0 50
146.832383958704 250
0 50
82.4068892282175 250
0 50
164.813778456435 250
0 50
87.307057858251 250
0 50
174.614115716502 250
0 50
97.9988589954373 250
0 50
195.997717990875 250
0 50
58.2704701897612 250
0 50
146.832383958704 250
0 0
58.2704701897612 250
0 50
146.832383958704 250
0 0
65.4063913251497 250
0 50
164.813778456435 250
0 0
65.4063913251497 250
0 50
164.813778456435 250
0 0
73.4161919793519 250
0 50
174.614115716502 250
0 0
73.4161919793519 250
0 50
174.614115716502 250
0 0
73.4161919793519 250
0 50
174.614115716502 250
0 0
73.4161919793519 250
0 50
174.614115716502 250
0 0
48.9994294977187 250
0 50
116.540940379522 250
0 50
48.9994294977187 250
0 50
116.540940379522 250
0 50
55 250
0 50
130.812782650299 250
0 0
55 250
0 50
130.812782650299 250
0 0
58.2704701897612 250
0 50
146.832383958704 250
0 0
61.7354126570155 250
0 50
146.832383958704 250
0 0
65.4063913251497 250
0 50
164.813778456435 250
0 0
65.4063913251497 250
0 50
164.813778456435 250
0 0
58.2704701897612 250
0 50
146.832383958704 250
0 0
58.2704701897612 250
0 50
146.832383958704 250
0 0
65.4063913251497 250
0 50
164.813778456435 250
0 0
65.4063913251497 250
0 50
164.813778456435 250
0 0
73.4161919793519 250
0 50
174.614115716502 250
0 0
73.4161919793519 250
0 50
174.614115716502 250
0 0
73.4161919793519 250
0 50
174.614115716502 250
0 0
73.4161919793519 250
0 50
174.614115716502 250
0 0
58.2704701897612 250
0 50
146.832383958704 250
0 0
58.2704701897612 250
0 50
146.832383958704 250
0 0
65.4063913251497 250
0 50
164.813778456435 250
0 0
65.4063913251497 250
0 50
164.813778456435 250
0 0
73.4161919793519 250
0 50
146.832383958704 250
0 50
82.4068892282175 250
0 50
164.813778456435 250
0 50
87.307057858251 250
0 50
174.614115716502 250
0 50
97.9988589954373 250
0 50
195.997717990875 250
0 50
58.2704701897612 250
0 50
146.832383958704 250
0 0
58.2704701897612 250
0 50
146.832383958704 250
0 0
65.4063913251497 250
0 50
164.813778456435 250
0 0
65.4063913251497 250
0 50
164.813778456435 250
0 0
73.4161919793519 250
0 50
174.614115716502 250
0 0
73.4161919793519 250
0 50
174.614115716502 250
0 0
73.4161919793519 250
0 50
174.614115716502 250
0 0
73.4161919793519 250
0 50
174.614115716502 250
0 0
48.9994294977187 250
0 50
116.540940379522 250
0 50
48.9994294977187 250
0 50
116.540940379522 250
0 50
55 250
0 50
130.812782650299 250
0 0
55 250
0 50
130.812782650299 250
0 0
73.4161919793519 250
0 50
174.614115716502 250
0 0
73.4161919793519 250
0 50
174.614115716502 250
0 0
73.4161919793519 250
0 50
174.614115716502 250
0 0
73.4161919793519 250
0 50
174.614115716502 250
0 0
73.4161919793519 250
0 50
146.832383958704 250
0 0
73.4161919793519 250
0 50
146.832383958704 250
0 0
73.4161919793519 250
0 50
146.832383958704 250
0 0
73.4161919793519 250
0 50
110 250
0 50
73.4161919793519 250
0 50
146.832383958704 250
0 0
73.4161919793519 250
0 50
146.832383958704 250
0 0
73.4161919793519 250
0 50
146.832383958704 250
0 0
73.4161919793519 250
0 50
146.832383958704 250
0 0
73.4161919793519 250
0 50
146.832383958704 250
0 0
73.4161919793519 250
0 50
146.832383958704 250
0 0
73.4161919793519 250
0 50
146.832383958704 250
0 0
73.4161919793519 250
0 50
110 250
0 50
73.4161919793519 250
0 50
146.832383958704 250
0 0
73.4161919793519 250
0 50
146.832383958704 250
0 0
73.4161919793519 250
0 50
146.832383958704 250
0 0
73.4161919793519 250
0 50
146.832383958704 250
0 0
73.4161919793519 250
0 50
146.832383958704 250
0 0
73.4161919793519 250
0 50
146.832383958704 250
0 0
73.4161919793519 250
0 50
146.832383958704 250
0 0
73.4161919793519 250
0 50
110 250
0 50
73.4161919793519 250
0 50
146.832383958704 250
0 0
73.4161919793519 250
0 50
146.832383958704 250
0 0
73.4161919793519 250
0 50
146.832383958704 250
0 0
73.4161919793519 250
0 50
146.832383958704 250
0 0
73.4161919793519 250
0 50
146.832383958704 250
0 0
73.4161919793519 250
0 50
146.832383958704 250
0 0
73.4161919793519 250
0 50
146.832383958704 250
0 0
73.4161919793519 250
0 50
110 250
0 50
73.4161919793519 250
0 50
174.614115716502 250
0 0
73.4161919793519 250
0 50
174.614115716502 250
0 0
73.4161919793519 250
0 50
174.614115716502 250
0 0
73.4161919793519 250
0 50
174.614115716502 250
0 0
73.4161919793519 250
0 50
174.614115716502 250
0 0
73.4161919793519 250
0 50
174.614115716502 250
0 0
73.4161919793519 250
0 50
174.614115716502 250
0 0
73.4161919793519 250
0 50
174.614115716502 250
0 0
73.4161919793519 250
0 50
174.614115716502 250
0 0
73.4161919793519 250
0 50
174.614115716502 250
0 0
73.4161919793519 250
0 50
174.614115716502 250
0 0
73.4161919793519 250
0 50
174.614115716502 250
0 0
73.4161919793519 250
0 50
174.614115716502 250
0 0
73.4161919793519 250
0 50
174.614115716502 250
0 0
73.4161919793519 250
0 50
174.614115716502 250
0 0
73.4161919793519 250
0 50
174.614115716502 250
0 0
73.4161919793519 250
0 50
174.614115716502 250
0 0
73.4161919793519 250
0 50
174.614115716502 250
0 0
73.4161919793519 250
0 50
174.614115716502 250
0 0
73.4161919793519 250
0 50
174.614115716502 250
0 0
73.4161919793519 250
0 50
174.614115716502 250
0 0
73.4161919793519 250
0 50
174.614115716502 250
0 0
73.4161919793519 250
0 50
174.614115716502 250
0 0
73.4161919793519 250
0 50
174.614115716502 250
0 0
73.4161919793519 250
0 50
174.614115716502 250
0 0
73.4161919793519 250
0 50
174.614115716502 250
0 0
73.4161919793519 250
0 50
174.614115716502 250
0 0
73.4161919793519 250
0 50
174.614115716502 250
0 0
73.4161919793519 250
0 50
174.614115716502 250
0 0
73.4161919793519 250
0 50
174.614115716502 250
0 0
73.4161919793519 250
0 50
174.614115716502 250
0 0
73.4161919793519 250
0 50
174.614115716502 250
0 0
73.4161919793519 250
0 50
174.614115716502 250
0 0
73.4161919793519 250
0 50
174.614115716502 250
0 0
73.4161919793519 250
0 50
174.614115716502 250
0 0
73.4161919793519 250
0 50
174.614115716502 250
0 0
58.2704701897612 250
0 50
146.832383958704 250
0 0
58.2704701897612 250
0 50
146.832383958704 250
0 0
65.4063913251497 250
0 50
164.813778456435 250
0 0
65.4063913251497 250
0 50
164.813778456435 250
0 0
73.4161919793519 250
0 50
174.614115716502 250
0 0
73.4161919793519 250
0 50
174.614115716502 250
0 0
73.4161919793519 250
0 50
174.614115716502 250
0 0
73.4161919793519 250
0 50
174.614115716502 250
0 0
58.2704701897612 250
0 50
146.832383958704 250
0 0
58.2704701897612 250
0 50
146.832383958704 250
0 0
65.4063913251497 250
0 50
164.813778456435 250
0 0
65.4063913251497 250
0 50
164.813778456435 250
0 0
73.4161919793519 250
0 50
146.832383958704 250
0 50
82.4068892282175 250
0 50
164.813778456435 250
0 50
87.307057858251 250
0 50
174.614115716502 250
0 50
97.9988589954373 250
0 50
195.997717990875 250
0 50
58.2704701897612 250
0 50
146.832383958704 250
0 0
58.2704701897612 250
0 50
146.832383958704 250
0 0
65.4063913251497 250
0 50
164.813778456435 250
0 0
65.4063913251497 250
0 50
164.813778456435 250
0 0
73.4161919793519 250
0 50
174.614115716502 250
0 0
73.4161919793519 250
0 50
174.614115716502 250
0 0
73.4161919793519 250
0 50
174.614115716502 250
0 0
73.4161919793519 250
0 50
174.614115716502 250
0 0
48.9994294977187 250
0 50
116.540940379522 250
0 50
48.9994294977187 250
0 50
116.540940379522 250
0 50
55 250
0 50
130.812782650299 250
0 0
55 250
0 50
130.812782650299 250
0 0
58.2704701897612 250
0 50
146.832383958704 250
0 0
61.7354126570155 250
0 50
146.832383958704 250
0 0
65.4063913251497 250
0 50
164.813778456435 250
0 0
65.4063913251497 250
0 50
164.813778456435 250
0 0
58.2704701897612 250
0 50
146.832383958704 250
0 0
58.2704701897612 250
0 50
146.832383958704 250
0 0
65.4063913251497 250
0 50
164.813778456435 250
0 0
65.4063913251497 250
0 50
164.813778456435 250
0 0
73.4161919793519 250
0 50
174.614115716502 250
0 0
73.4161919793519 250
0 50
174.614115716502 250
0 0
73.4161919793519 250
0 50
174.614115716502 250
0 0
73.4161919793519 250
0 50
174.614115716502 250
0 0
58.2704701897612 250
0 50
146.832383958704 250
0 0
58.2704701897612 250
0 50
146.832383958704 250
0 0
65.4063913251497 250
0 50
164.813778456435 250
0 0
65.4063913251497 250
0 50
164.813778456435 250
0 0
73.4161919793519 250
0 50
146.832383958704 250
0 50
82.4068892282175 250
0 50
164.813778456435 250
0 50
87.307057858251 250
0 50
174.614115716502 250
0 50
97.9988589954373 250
0 50
195.997717990875 250
0 50
58.2704701897612 250
0 50
146.832383958704 250
0 0
58.2704701897612 250
0 50
146.832383958704 250
0 0
65.4063913251497 250
0 50
164.813778456435 250
0 0
65.4063913251497 250
0 50
164.813778456435 250
0 0
73.4161919793519 250
0 50
174.614115716502 250
0 0
73.4161919793519 250
0 50
174.614115716502 250
0 0
73.4161919793519 250
0 50
174.614115716502 250
0 0
73.4161919793519 250
0 50
174.614115716502 250
0 0
48.9994294977187 250
0 50
116.540940379522 250
0 50
48.9994294977187 250
0 50
116.540940379522 250
0 50
55 250
0 50
130.812782650299 250
0 0
55 250
0 50
116.540940379522 800
0 0
123.470825314031 500
0 0
130.812782650299 1000
0 0
61.7354126570155 250
0 50
155.56349186104 250
0 0
58.2704701897612 250
0 50
155.56349186104 250
0 50
69.295657744218 250
0 50
174.614115716502 250
0 0
69.295657744218 250
0 50
174.614115716502 250
0 0
77.7817459305202 250
0 50
184.997211355817 250
0 0
77.7817459305202 250
0 50
184.997211355817 250
0 0
77.7817459305202 250
0 50
184.997211355817 250
0 0
77.7817459305202 250
0 50
184.997211355817 250
0 0
61.7354126570155 250
0 50
155.56349186104 250
0 50
58.2704701897612 250
0 50
155.56349186104 250
0 50
69.295657744218 250
0 50
174.614115716502 250
0 0
69.295657744218 250
0 50
174.614115716502 250
0 0
77.7817459305202 250
0 50
155.56349186104 250
0 50
87.307057858251 250
0 50
174.614115716502 250
0 50
92.4986056779086 250
0 50
184.997211355817 250
0 50
103.826174394986 250
0 50
207.652348789973 250
0 50
61.7354126570155 250
0 50
155.56349186104 250
0 50
58.2704701897612 250
0 50
155.56349186104 250
0 50
69.295657744218 250
0 50
174.614115716502 250
0 0
69.295657744218 250
0 50
174.614115716502 250
0 0
77.7817459305202 250
0 50
184.997211355817 250
0 0
77.7817459305202 250
0 50
184.997211355817 250
0 0
77.7817459305202 250
0 50
184.997211355817 250
0 0
77.7817459305202 250
0 50
184.997211355817 250
0 0
51.9130871974931 250
0 50
116.540940379522 250
0 0
51.9130871974931 250
0 50
116.540940379522 250
0 0
58.2704701897612 250
0 50
138.591315488436 250
0 0
61.7354126570155 250
0 50
138.591315488436 250
0 0
61.7354126570155 250
0 50
123.470825314031 250
0 50
65.4063913251497 250
0 50
130.812782650299 250
0 50
69.295657744218 250
0 50
164.813778456435 250
0 0
69.295657744218 250
0 50
164.813778456435 250
0 0
61.7354126570155 250
0 50
155.56349186104 250
0 50
58.2704701897612 250
0 50
155.56349186104 250
0 50
69.295657744218 250
0 50
174.614115716502 250
0 0
69.295657744218 250
0 50
174.614115716502 250
0 0
77.7817459305202 250
0 50
184.997211355817 250
0 0
77.7817459305202 250
0 50
184.997211355817 250
0 0
77.7817459305202 250
0 50
184.997211355817 250
0 0
77.7817459305202 250
0 50
184.997211355817 250
0 0
61.7354126570155 250
0 50
155.56349186104 250
0 50
58.2704701897612 250
0 50
155.56349186104 250
0 50
69.295657744218 250
0 50
174.614115716502 250
0 0
69.295657744218 250
0 50
174.614115716502 250
0 0
77.7817459305202 250
0 50
155.56349186104 250
0 50
87.307057858251 250
0 50
174.614115716502 250
0 50
92.4986056779086 250
0 50
184.997211355817 250
0 50
103.826174394986 250
0 50
207.652348789973 250
0 50
61.7354126570155 250
0 50
155.56349186104 250
0 50
58.2704701897612 250
0 50
155.56349186104 250
0 50
69.295657744218 250
0 50
174.614115716502 250
0 0
69.295657744218 250
0 50
174.614115716502 250
0 0
77.7817459305202 250
0 50
184.997211355817 250
0 0
77.7817459305202 250
0 50
184.997211355817 250
0 0
77.7817459305202 250
0 50
184.997211355817 250
0 0
77.7817459305202 250
0 50
184.997211355817 250
0 0
58.2704701897612 250
0 50
123.470825314031 250
0 50
61.7354126570155 250
0 50
116.540940379522 250
0 50
69.295657744218 250
0 50
138.591315488436 250
0 50
69.295657744218 250
0 50
138.591315488436 250
0 50
77.7817459305202 250
0 50
184.997211355817 250
0 0
77.7817459305202 250
0 50
184.997211355817 250
0 0
77.7817459305202 250
0 50
184.997211355817 250
0 0
77.7817459305202 250
0 50
184.997211355817 250
0 0
61.7354126570155 250
0 50
155.56349186104 250
0 50
58.2704701897612 250
0 50
155.56349186104 250
0 50
58.2704701897612 250
0 50
155.56349186104 250
0 50
58.2704701897612 250
0 50
155.56349186104 250
0 50
69.295657744218 250
0 50
174.614115716502 250
0 0
69.295657744218 250
0 50
174.614115716502 250
0 0
69.295657744218 250
0 50
174.614115716502 250
0 0
69.295657744218 250
0 50
174.614115716502 250
0 0
77.7817459305202 250
0 50
184.997211355817 250
0 0
77.7817459305202 250
0 50
184.997211355817 250
0 0
77.7817459305202 250
0 50
184.997211355817 250
0 0
77.7817459305202 250
0 50
184.997211355817 250
0 0
77.7817459305202 250
0 50
184.997211355817 250
0 0
77.7817459305202 250
0 50
184.997211355817 250
0 0
69.295657744218 250
0 50
174.614115716502 250
0 0
69.295657744218 250
0 50
174.614115716502 250
0 0
61.7354126570155 250
0 50
155.56349186104 250
0 50
58.2704701897612 250
0 50
155.56349186104 250
0 50
58.2704701897612 250
0 50
155.56349186104 250
0 50
58.2704701897612 250
0 50
155.56349186104 250
0 50
69.295657744218 250
0 50
174.614115716502 250
0 0
69.295657744218 250
0 50
174.614115716502 250
0 0
69.295657744218 250
0 50
174.614115716502 250
0 0
69.295657744218 250
0 50
174.614115716502 250
0 0
77.7817459305202 250
0 50
184.997211355817 250
0 0
77.7817459305202 250
0 50
184.997211355817 250
0 0
77.7817459305202 250
0 50
184.997211355817 250
0 0
77.7817459305202 250
0 50
184.997211355817 250
0 0
77.7817459305202 250
0 50
184.997211355817 250
0 0
77.7817459305202 250
0 50
184.997211355817 250
0 0
69.295657744218 250
0 50
174.614115716502 250
0 0
69.295657744218 250
0 50
174.614115716502 250
0 0
61.7354126570155 250
0 50
155.56349186104 250
0 50
58.2704701897612 250
0 50
155.56349186104 250
0 50
58.2704701897612 250
0 50
155.56349186104 250
0 50
58.2704701897612 250
0 50
155.56349186104 250
0 50
69.295657744218 250
0 50
174.614115716502 250
0 0
69.295657744218 250
0 50
174.614115716502 250
0 0
69.295657744218 250
0 50
174.614115716502 250
0 0
69.295657744218 250
0 50
174.614115716502 250
0 0
77.7817459305202 250
0 50
184.997211355817 250
0 0
77.7817459305202 250
0 50
184.997211355817 250
0 0
77.7817459305202 250
0 50
184.997211355817 250
0 0
77.7817459305202 250
0 50
184.997211355817 250
0 0
77.7817459305202 250
0 50
184.997211355817 250
0 0
77.7817459305202 250
0 50
184.997211355817 250
0 0
69.295657744218 250
0 50
174.614115716502 250
0 0
69.295657744218 250
0 50
174.614115716502 250
0 0
61.7354126570155 250
0 50
155.56349186104 250
0 50
58.2704701897612 250
0 50
155.56349186104 250
0 50
58.2704701897612 250
0 50
155.56349186104 250
0 50
58.2704701897612 250
0 50
155.56349186104 250
0 50
69.295657744218 250
0 50
174.614115716502 250
0 0
69.295657744218 250
0 50
174.614115716502 250
0 0
69.295657744218 250
0 50
174.614115716502 250
0 0
69.295657744218 250
0 350
38.8908729652601 500
0 100
77.7817459305202 375
0 75
195.997717990875 3050
0 0
155.56349186104 0
0 2200
783.990871963498 1075
0 0
880 1000
0 0
739.988845423269 0
0 200
783.990871963498 1000
0 0
659.25511382574 0
0 200
783.990871963498 1000
0 0
659.25511382574 0
0 800
659.25511382574 1000
0 0
523.251130601197 0
0 200
739.988845423269 1000
0 0
587.329535834815 0
0 200
783.990871963498 1000
0 0
659.25511382574 0
0 200
880 1000
0 0
739.988845423269 0
