0 3971.205
65.4063913251497 283.6575
0 0
69.295657744218 189.105
0 0
73.4161919793519 94.5525
0 0
77.7817459305202 567.315
0 0
77.7817459305202 283.6575
0 0
65.4063913251497 189.105
0 0
77.7817459305202 94.5525
0 0
73.4161919793519 283.6575
0 0
73.4161919793519 283.6575
0 0
73.4161919793519 283.6575
0 0
58.2704701897612 189.105
0 0
73.4161919793519 94.5525
0 0
69.295657744218 283.6575
0 472.7625
69.295657744218 283.6575
0 0
69.295657744218 94.5525
0 0
123.470825314031 283.6575
0 0
116.540940379522 283.6575
0 0
103.826174394986 283.6575
0 0
69.295657744218 283.6575
0 0
77.7817459305202 283.6575
0 567.315
69.295657744218 283.6575
0 0
77.7817459305202 283.6575
0 567.315
69.295657744218 283.6575
0 0
61.7354126570155 189.105
0 661.8675
61.7354126570155 283.6575
0 0
69.295657744218 189.105
0 378.21
58.2704701897612 283.6575
0 0
69.295657744218 283.6575
0 0
77.7817459305202 189.105
0 661.8675
69.295657744218 283.6575
0 0
77.7817459305202 189.105
0 661.8675
69.295657744218 283.6575
0 0
61.7354126570155 189.105
0 661.8675
61.7354126570155 283.6575
0 0
69.295657744218 283.6575
0 0
58.2704701897612 283.6575
0 0
58.2704701897612 94.5525
0 94.5525
58.2704701897612 94.5525
0 0
87.307057858251 283.6575
0 0
77.7817459305202 189.105
0 661.8675
69.295657744218 283.6575
0 0
77.7817459305202 189.105
0 661.8675
69.295657744218 283.6575
0 0
61.7354126570155 189.105
0 661.8675
61.7354126570155 283.6575
0 0
69.295657744218 189.105
0 94.5525
103.826174394986 189.105
0 94.5525
103.826174394986 189.105
0 94.5525
103.826174394986 189.105
0 94.5525
77.7817459305202 189.105
0 661.8675
69.295657744218 283.6575
0 0
77.7817459305202 189.105
0 661.8675
69.295657744218 283.6575
0 0
61.7354126570155 567.315
0 0
58.2704701897612 283.6575
0 0
61.7354126570155 283.6575
0 0
69.295657744218 189.105
0 0
130.812782650299 94.5525
0 0
138.591315488436 189.105
0 94.5525
116.540940379522 189.105
0 94.5525
87.307057858251 283.6575
0 0
92.4986056779086 567.315
0 0
92.4986056779086 283.6575
0 0
69.295657744218 283.6575
0 0
87.307057858251 567.315
0 0
87.307057858251 283.6575
0 0
69.295657744218 283.6575
0 0
82.4068892282175 567.315
0 0
82.4068892282175 283.6575
0 0
69.295657744218 283.6575
0 0
77.7817459305202 567.315
0 0
61.7354126570155 567.315
0 0
73.4161919793519 567.315
0 0
73.4161919793519 567.315
0 0
73.4161919793519 567.315
0 0
73.4161919793519 283.6575
0 0
92.4986056779086 283.6575
0 0
138.591315488436 567.315
0 0
138.591315488436 567.315
0 0
69.295657744218 567.315
0 0
69.295657744218 567.315
0 0
92.4986056779086 567.315
0 0
92.4986056779086 283.6575
0 0
69.295657744218 283.6575
0 0
87.307057858251 567.315
0 0
87.307057858251 283.6575
0 0
69.295657744218 283.6575
0 0
82.4068892282175 567.315
0 0
82.4068892282175 283.6575
0 0
69.295657744218 283.6575
0 0
77.7817459305202 567.315
0 0
61.7354126570155 567.315
0 0
73.4161919793519 567.315
0 0
73.4161919793519 567.315
0 0
73.4161919793519 567.315
0 0
73.4161919793519 283.6575
0 0
92.4986056779086 283.6575
0 0
138.591315488436 567.315
0 0
138.591315488436 567.315
0 0
69.295657744218 567.315
0 0
69.295657744218 567.315
