0 0
622.253967444162 283.6575
0 0
830.60939515989 283.6575
0 0
622.253967444162 283.6575
0 0
830.60939515989 283.6575
0 0
587.329535834815 283.6575
0 0
830.60939515989 283.6575
0 0
587.329535834815 283.6575
0 0
830.60939515989 283.6575
0 0
554.365261953744 283.6575
0 0
830.60939515989 283.6575
0 0
554.365261953744 283.6575
0 0
830.60939515989 283.6575
0 0
523.251130601197 283.6575
0 0
830.60939515989 283.6575
0 0
523.251130601197 283.6575
0 0
554.365261953744 189.105
0 0
587.329535834815 94.5525
0 0
622.253967444162 283.6575
0 0
830.60939515989 283.6575
0 0
622.253967444162 283.6575
0 0
830.60939515989 283.6575
0 0
587.329535834815 283.6575
0 0
830.60939515989 283.6575
0 0
587.329535834815 283.6575
0 0
830.60939515989 283.6575
0 0
554.365261953744 283.6575
0 0
830.60939515989 283.6575
0 0
554.365261953744 283.6575
0 0
830.60939515989 283.6575
0 0
987.766602512248 283.6575
0 0
932.32752303618 283.6575
0 0
830.60939515989 283.6575
0 283.6575
622.253967444162 283.6575
0 0
698.456462866008 94.5525
0 94.5525
698.456462866008 94.5525
0 0
739.988845423269 189.105
0 0
830.60939515989 94.5525
0 0
739.988845423269 94.5525
0 94.5525
698.456462866008 94.5525
0 0
622.253967444162 283.6575
0 283.6575
739.988845423269 189.105
0 0
830.60939515989 94.5525
0 0
739.988845423269 94.5525
0 94.5525
698.456462866008 94.5525
0 0
622.253967444162 283.6575
0 0
493.883301256124 283.6575
0 0
739.988845423269 94.5525
0 94.5525
739.988845423269 94.5525
0 0
698.456462866008 189.105
0 0
622.253967444162 94.5525
0 0
698.456462866008 283.6575
0 0
554.365261953744 283.6575
0 0
830.60939515989 189.105
0 0
830.60939515989 94.5525
0 0
698.456462866008 283.6575
0 0
622.253967444162 283.6575
0 0
698.456462866008 94.5525
0 94.5525
698.456462866008 94.5525
0 0
739.988845423269 189.105
0 0
830.60939515989 94.5525
0 0
739.988845423269 94.5525
0 94.5525
698.456462866008 94.5525
0 0
622.253967444162 283.6575
0 283.6575
739.988845423269 189.105
0 0
830.60939515989 94.5525
0 0
739.988845423269 94.5525
0 94.5525
698.456462866008 94.5525
0 0
622.253967444162 283.6575
0 0
493.883301256124 283.6575
0 0
739.988845423269 94.5525
0 94.5525
739.988845423269 94.5525
0 0
698.456462866008 189.105
0 0
622.253967444162 94.5525
0 0
698.456462866008 283.6575
0 0
554.365261953744 283.6575
0 0
830.60939515989 189.105
0 0
554.365261953744 94.5525
0 0
587.329535834815 283.6575
0 0
622.253967444162 283.6575
0 0
698.456462866008 94.5525
0 94.5525
698.456462866008 94.5525
0 0
739.988845423269 189.105
0 0
830.60939515989 94.5525
0 0
739.988845423269 94.5525
0 94.5525
698.456462866008 94.5525
0 0
622.253967444162 283.6575
0 283.6575
739.988845423269 189.105
0 0
830.60939515989 94.5525
0 0
739.988845423269 94.5525
0 94.5525
698.456462866008 94.5525
0 0
622.253967444162 283.6575
0 0
493.883301256124 283.6575
0 0
739.988845423269 94.5525
0 94.5525
739.988845423269 94.5525
0 0
698.456462866008 189.105
0 0
622.253967444162 94.5525
0 0
698.456462866008 283.6575
0 0
554.365261953744 283.6575
0 0
830.60939515989 189.105
0 0
830.60939515989 94.5525
0 0
698.456462866008 283.6575
0 0
622.253967444162 283.6575
0 0
698.456462866008 94.5525
0 94.5525
698.456462866008 94.5525
0 0
739.988845423269 189.105
0 0
830.60939515989 94.5525
0 0
739.988845423269 94.5525
0 94.5525
698.456462866008 94.5525
0 0
622.253967444162 283.6575
0 283.6575
739.988845423269 189.105
0 0
830.60939515989 94.5525
0 0
739.988845423269 94.5525
0 94.5525
698.456462866008 94.5525
0 0
622.253967444162 283.6575
0 0
493.883301256124 283.6575
0 0
739.988845423269 94.5525
0 94.5525
739.988845423269 94.5525
0 0
698.456462866008 189.105
0 0
622.253967444162 94.5525
0 0
698.456462866008 283.6575
0 0
554.365261953744 283.6575
0 0
830.60939515989 189.105
0 0
554.365261953744 94.5525
0 0
587.329535834815 283.6575
0 0
932.32752303618 283.6575
0 283.6575
830.60939515989 189.105
0 0
880 94.5525
0 0
932.32752303618 189.105
0 0
987.766602512248 94.5525
0 0
1108.73052390749 283.6575
0 283.6575
1244.50793488832 283.6575
0 0
1108.73052390749 189.105
0 94.5525
1108.73052390749 283.6575
0 283.6575
1244.50793488832 283.6575
0 0
1108.73052390749 283.6575
0 0
987.766602512248 283.6575
0 283.6575
739.988845423269 283.6575
0 0
830.60939515989 283.6575
0 0
880 283.6575
0 0
880 189.105
0 0
830.60939515989 94.5525
0 0
880 189.105
0 0
830.60939515989 94.5525
0 0
880 189.105
0 0
830.60939515989 94.5525
0 0
880 283.6575
0 567.315
880 283.6575
0 0
830.60939515989 283.6575
0 0
830.60939515989 189.105
0 0
739.988845423269 94.5525
0 0
830.60939515989 189.105
0 0
739.988845423269 94.5525
0 0
830.60939515989 189.105
0 0
739.988845423269 94.5525
0 0
830.60939515989 189.105
0 94.5525
698.456462866008 283.6575
0 283.6575
932.32752303618 283.6575
0 0
830.60939515989 189.105
0 0
880 94.5525
0 0
932.32752303618 189.105
0 0
987.766602512248 94.5525
0 0
1108.73052390749 283.6575
0 0
1244.50793488832 283.6575
0 0
1108.73052390749 189.105
0 0
1108.73052390749 283.6575
0 0
1244.50793488832 283.6575
0 0
1108.73052390749 283.6575
0 0
1479.97769084654 283.6575
0 0
1479.97769084654 283.6575
0 0
659.25511382574 283.6575
0 0
739.988845423269 283.6575
0 0
880 283.6575
0 0
1108.73052390749 283.6575
0 0
1108.73052390749 283.6575
0 0
987.766602512248 283.6575
0 0
1108.73052390749 283.6575
0 0
698.456462866008 3.9396875
