0 0
207.652348789973 283.6575
0 0
311.126983722081 283.6575
0 0
207.652348789973 283.6575
0 0
311.126983722081 283.6575
0 0
207.652348789973 283.6575
0 0
293.664767917408 283.6575
0 0
207.652348789973 283.6575
0 0
293.664767917408 283.6575
0 0
207.652348789973 283.6575
0 0
277.182630976872 283.6575
0 0
207.652348789973 283.6575
0 0
277.182630976872 283.6575
0 0
207.652348789973 283.6575
0 0
261.625565300599 283.6575
0 0
207.652348789973 283.6575
0 0
233.081880759045 189.105
0 0
207.652348789973 94.5525
0 0
207.652348789973 283.6575
0 0
311.126983722081 283.6575
0 0
207.652348789973 283.6575
0 0
311.126983722081 283.6575
0 0
207.652348789973 283.6575
0 0
293.664767917408 283.6575
0 0
207.652348789973 283.6575
0 0
293.664767917408 283.6575
0 0
207.652348789973 283.6575
0 0
277.182630976872 283.6575
0 0
207.652348789973 283.6575
0 0
277.182630976872 283.6575
0 0
369.994422711634 283.6575
0 0
349.228231433004 283.6575
0 0
311.126983722081 283.6575
0 283.6575
155.56349186104 283.6575
0 0
233.081880759045 283.6575
0 0
311.126983722081 283.6575
0 0
233.081880759045 283.6575
0 0
155.56349186104 283.6575
0 0
233.081880759045 283.6575
0 0
311.126983722081 283.6575
0 0
233.081880759045 283.6575
0 0
123.470825314031 283.6575
0 0
184.997211355817 283.6575
0 0
123.470825314031 283.6575
0 0
184.997211355817 283.6575
0 0
138.591315488436 283.6575
0 0
207.652348789973 283.6575
0 0
138.591315488436 283.6575
0 0
207.652348789973 283.6575
0 0
155.56349186104 283.6575
0 0
233.081880759045 283.6575
0 0
311.126983722081 283.6575
0 0
233.081880759045 283.6575
0 0
155.56349186104 283.6575
0 0
233.081880759045 283.6575
0 0
311.126983722081 283.6575
0 0
233.081880759045 283.6575
0 0
123.470825314031 283.6575
0 0
184.997211355817 283.6575
0 0
123.470825314031 283.6575
0 0
184.997211355817 283.6575
0 0
138.591315488436 283.6575
0 0
207.652348789973 283.6575
0 0
138.591315488436 283.6575
0 0
146.832383958704 283.6575
0 0
155.56349186104 283.6575
0 0
233.081880759045 283.6575
0 0
311.126983722081 283.6575
0 0
233.081880759045 283.6575
0 0
155.56349186104 283.6575
0 0
233.081880759045 283.6575
0 0
311.126983722081 283.6575
0 0
233.081880759045 283.6575
0 0
123.470825314031 283.6575
0 0
184.997211355817 283.6575
0 0
123.470825314031 283.6575
0 0
184.997211355817 283.6575
0 0
138.591315488436 283.6575
0 0
207.652348789973 283.6575
0 0
138.591315488436 283.6575
0 0
207.652348789973 283.6575
0 0
155.56349186104 283.6575
0 0
233.081880759045 283.6575
0 0
311.126983722081 283.6575
0 0
233.081880759045 283.6575
0 0
155.56349186104 283.6575
0 0
233.081880759045 283.6575
0 0
311.126983722081 283.6575
0 0
233.081880759045 283.6575
0 0
123.470825314031 283.6575
0 0
184.997211355817 283.6575
0 0
123.470825314031 283.6575
0 0
184.997211355817 283.6575
0 0
138.591315488436 283.6575
0 0
207.652348789973 283.6575
0 0
138.591315488436 283.6575
0 0
146.832383958704 283.6575
0 0
184.997211355817 283.6575
0 0
277.182630976872 283.6575
0 0
184.997211355817 283.6575
0 0
277.182630976872 283.6575
0 0
174.614115716502 283.6575
0 0
277.182630976872 283.6575
0 0
174.614115716502 283.6575
0 0
277.182630976872 283.6575
0 0
164.813778456435 283.6575
0 0
277.182630976872 283.6575
0 0
164.813778456435 283.6575
0 0
277.182630976872 283.6575
0 0
155.56349186104 283.6575
0 0
246.941650628062 283.6575
0 0
155.56349186104 283.6575
0 0
246.941650628062 283.6575
0 0
146.832383958704 283.6575
0 0
220 283.6575
0 0
146.832383958704 283.6575
0 0
220 283.6575
0 0
146.832383958704 283.6575
0 0
220 283.6575
0 0
146.832383958704 283.6575
0 0
220 283.6575
0 0
138.591315488436 283.6575
0 0
207.652348789973 283.6575
0 0
138.591315488436 283.6575
0 0
207.652348789973 283.6575
0 0
138.591315488436 283.6575
0 0
207.652348789973 283.6575
0 0
138.591315488436 283.6575
0 0
207.652348789973 283.6575
0 0
184.997211355817 283.6575
0 0
277.182630976872 283.6575
0 0
184.997211355817 283.6575
0 0
277.182630976872 283.6575
0 0
174.614115716502 283.6575
0 0
277.182630976872 283.6575
0 0
174.614115716502 283.6575
0 0
277.182630976872 283.6575
0 0
164.813778456435 283.6575
0 0
277.182630976872 283.6575
0 0
164.813778456435 283.6575
0 0
277.182630976872 283.6575
0 0
155.56349186104 283.6575
0 0
246.941650628062 283.6575
0 0
155.56349186104 283.6575
0 0
246.941650628062 283.6575
0 0
146.832383958704 283.6575
0 0
220 283.6575
0 0
293.664767917408 283.6575
0 0
220 283.6575
0 0
146.832383958704 283.6575
0 0
220 283.6575
0 0
293.664767917408 283.6575
0 0
220 283.6575
0 0
138.591315488436 283.6575
0 0
207.652348789973 283.6575
0 0
138.591315488436 283.6575
0 0
207.652348789973 283.6575
0 0
138.591315488436 283.6575
0 0
207.652348789973 283.6575
0 0
138.591315488436 283.6575
0 0
207.652348789973 283.6575
