0 378.7875
391.995435981749 303.03
0 0
466.16376151809 151.515
0 0
391.995435981749 151.515
0 0
587.329535834815 151.515
0 0
466.16376151809 151.515
0 0
783.990871963498 151.515
0 0
587.329535834815 151.515
0 0
783.990871963498 151.515
0 454.545
293.664767917408 303.03
0 0
349.228231433004 151.515
0 0
293.664767917408 151.515
0 0
440 151.515
0 0
349.228231433004 151.515
0 0
587.329535834815 151.515
0 0
440 151.515
0 606.06
391.995435981749 303.03
0 0
466.16376151809 151.515
0 0
391.995435981749 151.515
0 0
587.329535834815 151.515
0 0
466.16376151809 151.515
0 0
783.990871963498 151.515
0 0
587.329535834815 151.515
0 0
783.990871963498 151.515
0 454.545
293.664767917408 303.03
0 0
349.228231433004 151.515
0 0
293.664767917408 151.515
0 0
440 151.515
0 0
349.228231433004 151.515
0 0
587.329535834815 151.515
0 0
440 151.515
0 303.03
261.625565300599 303.03
0 0
311.126983722081 151.515
0 0
261.625565300599 151.515
0 0
391.995435981749 151.515
0 0
311.126983722081 151.515
0 0
523.251130601197 151.515
0 0
391.995435981749 151.515
0 606.06
293.664767917408 303.03
0 0
349.228231433004 151.515
0 0
293.664767917408 151.515
0 0
440 151.515
0 0
349.228231433004 151.515
0 0
587.329535834815 151.515
0 0
440 151.515
0 4545.45
391.995435981749 303.03
0 0
466.16376151809 151.515
0 0
391.995435981749 151.515
0 0
587.329535834815 151.515
0 0
466.16376151809 151.515
0 0
783.990871963498 151.515
0 0
587.329535834815 151.515
0 0
783.990871963498 151.515
0 454.545
293.664767917408 303.03
0 0
349.228231433004 151.515
0 0
293.664767917408 151.515
0 0
440 151.515
0 0
349.228231433004 151.515
0 0
587.329535834815 151.515
0 0
440 151.515
0 606.06
391.995435981749 303.03
0 0
466.16376151809 151.515
0 0
391.995435981749 151.515
0 0
587.329535834815 151.515
0 0
466.16376151809 151.515
0 0
783.990871963498 151.515
0 0
587.329535834815 151.515
0 0
783.990871963498 151.515
0 454.545
293.664767917408 303.03
0 0
349.228231433004 151.515
0 0
293.664767917408 151.515
0 0
440 151.515
0 0
349.228231433004 151.515
0 0
587.329535834815 151.515
0 0
440 151.515
0 303.03
261.625565300599 303.03
0 0
311.126983722081 151.515
0 0
261.625565300599 151.515
0 0
391.995435981749 151.515
0 0
311.126983722081 151.515
0 0
523.251130601197 151.515
0 0
391.995435981749 151.515
0 606.06
293.664767917408 303.03
0 0
349.228231433004 151.515
0 0
293.664767917408 151.515
0 0
440 151.515
0 0
349.228231433004 151.515
0 0
587.329535834815 151.515
0 0
440 151.515
0 4545.45
391.995435981749 303.03
0 0
466.16376151809 151.515
0 0
391.995435981749 151.515
0 0
587.329535834815 151.515
0 0
466.16376151809 151.515
0 0
783.990871963498 151.515
0 0
587.329535834815 151.515
0 0
783.990871963498 151.515
0 454.545
293.664767917408 303.03
0 0
349.228231433004 151.515
0 0
293.664767917408 151.515
0 0
440 151.515
0 0
349.228231433004 151.515
0 0
587.329535834815 151.515
0 0
440 151.515
0 606.06
391.995435981749 303.03
0 0
466.16376151809 151.515
0 0
391.995435981749 151.515
0 0
587.329535834815 151.515
0 0
466.16376151809 151.515
0 0
783.990871963498 151.515
0 0
587.329535834815 151.515
0 0
783.990871963498 151.515
0 454.545
293.664767917408 303.03
0 0
349.228231433004 151.515
0 0
293.664767917408 151.515
0 0
440 151.515
0 0
349.228231433004 151.515
0 0
587.329535834815 151.515
0 0
440 151.515
0 303.03
261.625565300599 303.03
0 0
311.126983722081 151.515
0 0
261.625565300599 151.515
0 0
391.995435981749 151.515
0 0
311.126983722081 151.515
0 0
523.251130601197 151.515
0 0
391.995435981749 151.515
0 606.06
293.664767917408 303.03
0 0
349.228231433004 151.515
0 0
293.664767917408 151.515
0 0
440 151.515
0 0
349.228231433004 151.515
0 0
587.329535834815 151.515
0 0
440 151.515
0 4545.45
391.995435981749 303.03
0 0
466.16376151809 151.515
0 0
391.995435981749 151.515
0 0
587.329535834815 151.515
0 0
466.16376151809 151.515
0 0
783.990871963498 151.515
0 0
587.329535834815 151.515
0 0
783.990871963498 151.515
0 454.545
293.664767917408 303.03
0 0
349.228231433004 151.515
0 0
293.664767917408 151.515
0 0
440 151.515
0 0
349.228231433004 151.515
0 0
587.329535834815 151.515
0 0
440 151.515
0 606.06
391.995435981749 303.03
0 0
466.16376151809 151.515
0 0
391.995435981749 151.515
0 0
587.329535834815 151.515
0 0
466.16376151809 151.515
0 0
783.990871963498 151.515
0 0
587.329535834815 151.515
0 0
783.990871963498 151.515
0 454.545
293.664767917408 303.03
0 0
349.228231433004 151.515
0 0
293.664767917408 151.515
0 0
440 151.515
0 0
349.228231433004 151.515
0 0
587.329535834815 151.515
0 0
440 151.515
0 303.03
261.625565300599 303.03
0 0
311.126983722081 151.515
0 0
261.625565300599 151.515
0 0
391.995435981749 151.515
0 0
311.126983722081 151.515
0 0
523.251130601197 151.515
0 0
391.995435981749 151.515
0 606.06
293.664767917408 303.03
0 0
349.228231433004 151.515
0 0
293.664767917408 151.515
0 0
440 151.515
0 0
349.228231433004 151.515
0 0
587.329535834815 151.515
0 0
440 151.515
