0 173.41
277.182630976872 169.797291666667
0 3.61270833333333
349.228231433004 169.797291666667
0 3.61270833333333
523.251130601197 169.797291666667
0 177.022708333333
277.182630976872 169.797291666667
0 3.61270833333333
349.228231433004 169.797291666667
0 3.61270833333333
523.251130601197 169.797291666667
0 177.022708333333
277.182630976872 169.797291666667
0 3.61270833333333
349.228231433004 169.797291666667
0 3.61270833333333
523.251130601197 169.797291666667
0 177.022708333333
277.182630976872 169.797291666667
0 3.61270833333333
349.228231433004 169.797291666667
0 3.61270833333333
523.251130601197 169.797291666667
0 177.022708333333
277.182630976872 169.797291666667
0 3.61270833333333
349.228231433004 169.797291666667
0 3.61270833333333
523.251130601197 169.797291666667
0 177.022708333333
277.182630976872 169.797291666667
0 3.61270833333333
349.228231433004 169.797291666667
0 3.61270833333333
523.251130601197 169.797291666667
0 177.022708333333
233.081880759045 169.797291666667
0 3.61270833333333
311.126983722081 169.797291666667
0 3.61270833333333
466.16376151809 169.797291666667
0 177.022708333333
233.081880759045 169.797291666667
0 3.61270833333333
329.62755691287 169.797291666667
0 3.61270833333333
466.16376151809 169.797291666667
0 177.022708333333
261.625565300599 169.797291666667
0 3.61270833333333
349.228231433004 169.797291666667
0 3.61270833333333
523.251130601197 169.797291666667
0 177.022708333333
261.625565300599 169.797291666667
0 3.61270833333333
349.228231433004 169.797291666667
0 3.61270833333333
523.251130601197 169.797291666667
0 177.022708333333
261.625565300599 169.797291666667
0 3.61270833333333
349.228231433004 169.797291666667
0 3.61270833333333
523.251130601197 169.797291666667
0 177.022708333333
261.625565300599 169.797291666667
0 3.61270833333333
349.228231433004 169.797291666667
0 3.61270833333333
523.251130601197 169.797291666667
0 3.61270833333333
311.126983722081 169.797291666667
0 3.61270833333333
233.081880759045 169.797291666667
0 3.61270833333333
311.126983722081 169.797291666667
0 3.61270833333333
466.16376151809 169.797291666667
0 177.022708333333
932.32752303618 169.797291666667
0 0
830.60939515989 169.797291666667
0 0
783.990871963498 343.207291666667
0 0
830.60939515989 289.016666666667
0 0
622.253967444162 169.797291666667
0 0
1661.21879031978 18.0635416666667
0 3.61270833333333
1567.981743927 18.0635416666667
0 3.61270833333333
1396.91292573202 18.0635416666667
0 3.61270833333333
1244.50793488832 18.0635416666667
0 3.61270833333333
1108.73052390749 18.0635416666667
0 3.61270833333333
1046.50226120239 18.0635416666667
0 3.61270833333333
932.32752303618 18.0635416666667
0 3.61270833333333
830.60939515989 18.0635416666667
0 3.61270833333333
783.990871963498 18.0635416666667
0 3.61270833333333
698.456462866008 18.0635416666667
0 3.61270833333333
622.253967444162 18.0635416666667
0 3.61270833333333
554.365261953744 18.0635416666667
0 3.61270833333333
523.251130601197 18.0635416666667
0 3.61270833333333
466.16376151809 18.0635416666667
0 3.61270833333333
415.304697579945 18.0635416666667
0 3.61270833333333
391.995435981749 18.0635416666667
0 3.61270833333333
349.228231433004 18.0635416666667
0 3.61270833333333
311.126983722081 18.0635416666667
0 3.61270833333333
277.182630976872 18.0635416666667
0 3.61270833333333
261.625565300599 18.0635416666667
0 5812.84770833333
415.304697579945 169.797291666667
0 0
349.228231433004 0
0 3.61270833333333
415.304697579945 83.0922916666667
0 3.61270833333333
391.995435981749 169.797291666667
0 3.61270833333333
391.995435981749 83.0922916666667
0 3.61270833333333
311.126983722081 169.797291666667
0 90.3177083333333
311.126983722081 169.797291666667
0 3.61270833333333
311.126983722081 83.0922916666667
0 3.61270833333333
349.228231433004 169.797291666667
0 3.61270833333333
311.126983722081 169.797291666667
0 3.61270833333333
415.304697579945 169.797291666667
0 0
349.228231433004 0
0 3.61270833333333
415.304697579945 83.0922916666667
0 3.61270833333333
391.995435981749 169.797291666667
0 3.61270833333333
391.995435981749 83.0922916666667
0 3.61270833333333
311.126983722081 169.797291666667
0 90.3177083333333
311.126983722081 169.797291666667
0 3.61270833333333
311.126983722081 83.0922916666667
0 3.61270833333333
349.228231433004 169.797291666667
0 3.61270833333333
311.126983722081 169.797291666667
0 3.61270833333333
415.304697579945 169.797291666667
0 0
349.228231433004 0
0 3.61270833333333
415.304697579945 83.0922916666667
0 3.61270833333333
391.995435981749 169.797291666667
0 3.61270833333333
391.995435981749 83.0922916666667
0 3.61270833333333
311.126983722081 169.797291666667
0 90.3177083333333
311.126983722081 169.797291666667
0 3.61270833333333
311.126983722081 83.0922916666667
0 3.61270833333333
349.228231433004 169.797291666667
0 3.61270833333333
311.126983722081 169.797291666667
0 3.61270833333333
466.16376151809 169.797291666667
0 0
391.995435981749 0
0 3.61270833333333
466.16376151809 83.0922916666667
0 3.61270833333333
311.126983722081 169.797291666667
0 3.61270833333333
311.126983722081 83.0922916666667
0 3.61270833333333
466.16376151809 169.797291666667
0 3.61270833333333
415.304697579945 83.0922916666667
0 3.61270833333333
415.304697579945 169.797291666667
0 0
311.126983722081 0
0 3.61270833333333
415.304697579945 83.0922916666667
0 3.61270833333333
466.16376151809 169.797291666667
0 3.61270833333333
523.251130601197 169.797291666667
0 3.61270833333333
415.304697579945 169.797291666667
0 0
349.228231433004 0
0 3.61270833333333
415.304697579945 83.0922916666667
0 3.61270833333333
391.995435981749 169.797291666667
0 3.61270833333333
391.995435981749 83.0922916666667
0 3.61270833333333
311.126983722081 169.797291666667
0 90.3177083333333
311.126983722081 169.797291666667
0 3.61270833333333
311.126983722081 83.0922916666667
0 3.61270833333333
349.228231433004 169.797291666667
0 3.61270833333333
311.126983722081 169.797291666667
0 3.61270833333333
415.304697579945 169.797291666667
0 0
349.228231433004 0
0 3.61270833333333
415.304697579945 83.0922916666667
0 3.61270833333333
391.995435981749 169.797291666667
0 3.61270833333333
391.995435981749 83.0922916666667
0 3.61270833333333
311.126983722081 169.797291666667
0 90.3177083333333
311.126983722081 169.797291666667
0 3.61270833333333
311.126983722081 83.0922916666667
0 3.61270833333333
349.228231433004 169.797291666667
0 3.61270833333333
311.126983722081 169.797291666667
0 3.61270833333333
415.304697579945 169.797291666667
0 0
349.228231433004 0
0 3.61270833333333
415.304697579945 83.0922916666667
0 3.61270833333333
391.995435981749 169.797291666667
0 3.61270833333333
391.995435981749 83.0922916666667
0 3.61270833333333
311.126983722081 169.797291666667
0 90.3177083333333
311.126983722081 169.797291666667
0 3.61270833333333
311.126983722081 83.0922916666667
0 3.61270833333333
349.228231433004 169.797291666667
0 3.61270833333333
311.126983722081 169.797291666667
0 3.61270833333333
466.16376151809 169.797291666667
0 0
391.995435981749 0
0 3.61270833333333
466.16376151809 83.0922916666667
0 3.61270833333333
311.126983722081 169.797291666667
0 3.61270833333333
311.126983722081 83.0922916666667
0 3.61270833333333
466.16376151809 169.797291666667
0 3.61270833333333
329.62755691287 83.0922916666667
0 3.61270833333333
554.365261953744 169.797291666667
0 3.61270833333333
329.62755691287 83.0922916666667
0 3.61270833333333
523.251130601197 169.797291666667
0 3.61270833333333
466.16376151809 169.797291666667
0 3.61270833333333
415.304697579945 169.797291666667
0 0
349.228231433004 0
0 3.61270833333333
415.304697579945 83.0922916666667
0 3.61270833333333
391.995435981749 169.797291666667
0 3.61270833333333
391.995435981749 83.0922916666667
0 3.61270833333333
311.126983722081 169.797291666667
0 90.3177083333333
311.126983722081 169.797291666667
0 3.61270833333333
311.126983722081 83.0922916666667
0 3.61270833333333
349.228231433004 169.797291666667
0 3.61270833333333
311.126983722081 169.797291666667
0 3.61270833333333
415.304697579945 169.797291666667
0 0
349.228231433004 0
0 3.61270833333333
415.304697579945 83.0922916666667
0 3.61270833333333
391.995435981749 169.797291666667
0 3.61270833333333
391.995435981749 83.0922916666667
0 3.61270833333333
311.126983722081 169.797291666667
0 90.3177083333333
311.126983722081 169.797291666667
0 3.61270833333333
311.126983722081 83.0922916666667
0 3.61270833333333
349.228231433004 169.797291666667
0 3.61270833333333
311.126983722081 169.797291666667
0 3.61270833333333
415.304697579945 169.797291666667
0 0
349.228231433004 0
0 3.61270833333333
415.304697579945 83.0922916666667
0 3.61270833333333
391.995435981749 169.797291666667
0 3.61270833333333
391.995435981749 83.0922916666667
0 3.61270833333333
311.126983722081 169.797291666667
0 90.3177083333333
311.126983722081 169.797291666667
0 3.61270833333333
311.126983722081 83.0922916666667
0 3.61270833333333
349.228231433004 169.797291666667
0 3.61270833333333
311.126983722081 169.797291666667
0 3.61270833333333
466.16376151809 169.797291666667
0 0
391.995435981749 0
0 3.61270833333333
466.16376151809 83.0922916666667
0 3.61270833333333
311.126983722081 169.797291666667
0 3.61270833333333
311.126983722081 83.0922916666667
0 3.61270833333333
466.16376151809 169.797291666667
0 3.61270833333333
415.304697579945 169.797291666667
0 0
311.126983722081 0
0 3.61270833333333
415.304697579945 169.797291666667
0 3.61270833333333
466.16376151809 169.797291666667
0 3.61270833333333
523.251130601197 169.797291666667
0 3.61270833333333
415.304697579945 169.797291666667
0 0
349.228231433004 0
0 3.61270833333333
415.304697579945 83.0922916666667
0 3.61270833333333
391.995435981749 169.797291666667
0 3.61270833333333
391.995435981749 83.0922916666667
0 3.61270833333333
311.126983722081 169.797291666667
0 90.3177083333333
311.126983722081 169.797291666667
0 3.61270833333333
311.126983722081 83.0922916666667
0 3.61270833333333
349.228231433004 169.797291666667
0 3.61270833333333
311.126983722081 169.797291666667
0 3.61270833333333
415.304697579945 169.797291666667
0 0
349.228231433004 0
0 3.61270833333333
415.304697579945 83.0922916666667
0 3.61270833333333
391.995435981749 169.797291666667
0 3.61270833333333
391.995435981749 83.0922916666667
0 3.61270833333333
311.126983722081 169.797291666667
0 90.3177083333333
311.126983722081 169.797291666667
0 3.61270833333333
311.126983722081 83.0922916666667
0 3.61270833333333
349.228231433004 169.797291666667
0 3.61270833333333
311.126983722081 169.797291666667
0 3.61270833333333
415.304697579945 169.797291666667
0 0
349.228231433004 0
0 3.61270833333333
415.304697579945 83.0922916666667
0 3.61270833333333
391.995435981749 169.797291666667
0 3.61270833333333
391.995435981749 83.0922916666667
0 3.61270833333333
311.126983722081 169.797291666667
0 90.3177083333333
311.126983722081 169.797291666667
0 3.61270833333333
311.126983722081 83.0922916666667
0 3.61270833333333
349.228231433004 169.797291666667
0 3.61270833333333
311.126983722081 169.797291666667
0 3.61270833333333
415.304697579945 169.797291666667
0 0
349.228231433004 0
0 3.61270833333333
415.304697579945 83.0922916666667
0 3.61270833333333
391.995435981749 169.797291666667
0 3.61270833333333
391.995435981749 83.0922916666667
0 3.61270833333333
311.126983722081 169.797291666667
0 90.3177083333333
311.126983722081 169.797291666667
0 3.61270833333333
311.126983722081 83.0922916666667
0 3.61270833333333
349.228231433004 169.797291666667
0 3.61270833333333
311.126983722081 169.797291666667
0 3.61270833333333
415.304697579945 169.797291666667
0 0
349.228231433004 0
0 3.61270833333333
415.304697579945 83.0922916666667
0 3.61270833333333
391.995435981749 169.797291666667
0 3.61270833333333
391.995435981749 83.0922916666667
0 3.61270833333333
311.126983722081 169.797291666667
0 3.61270833333333
415.304697579945 169.797291666667
0 3.61270833333333
415.304697579945 83.0922916666667
0 3.61270833333333
391.995435981749 169.797291666667
0 3.61270833333333
391.995435981749 83.0922916666667
0 3.61270833333333
311.126983722081 169.797291666667
0 3.61270833333333
415.304697579945 169.797291666667
0 0
349.228231433004 0
0 3.61270833333333
415.304697579945 83.0922916666667
0 3.61270833333333
391.995435981749 169.797291666667
0 3.61270833333333
391.995435981749 83.0922916666667
0 3.61270833333333
311.126983722081 169.797291666667
0 3.61270833333333
415.304697579945 169.797291666667
0 3.61270833333333
415.304697579945 83.0922916666667
0 3.61270833333333
391.995435981749 169.797291666667
0 3.61270833333333
391.995435981749 83.0922916666667
0 3.61270833333333
311.126983722081 169.797291666667
0 3.61270833333333
415.304697579945 83.0922916666667
0 0
207.652348789973 83.0922916666667
0 3.61270833333333
415.304697579945 83.0922916666667
0 0
207.652348789973 83.0922916666667
0 3.61270833333333
415.304697579945 83.0922916666667
0 0
207.652348789973 83.0922916666667
0 3.61270833333333
415.304697579945 83.0922916666667
0 0
207.652348789973 83.0922916666667
0 3.61270833333333
415.304697579945 83.0922916666667
0 0
207.652348789973 83.0922916666667
0 3.61270833333333
415.304697579945 83.0922916666667
0 0
207.652348789973 83.0922916666667
0 350.432708333333
830.60939515989 256.502291666667
0 0
698.456462866008 0
0 3.61270833333333
783.990871963498 256.502291666667
0 0
830.60939515989 256.502291666667
0 0
698.456462866008 0
0 3.61270833333333
932.32752303618 256.502291666667
0 0
698.456462866008 0
0 3.61270833333333
1046.50226120239 169.797291666667
0 0
1244.50793488832 169.797291666667
0 0
830.60939515989 169.797291666667
0 0
698.456462866008 0
0 3.61270833333333
830.60939515989 83.0922916666667
0 3.61270833333333
783.990871963498 169.797291666667
0 0
783.990871963498 83.0922916666667
0 3.61270833333333
622.253967444162 83.0922916666667
0 3.61270833333333
523.251130601197 83.0922916666667
0 90.3177083333333
622.253967444162 169.797291666667
0 3.61270833333333
622.253967444162 83.0922916666667
0 3.61270833333333
698.456462866008 83.0922916666667
0 3.61270833333333
622.253967444162 83.0922916666667
0 3.61270833333333
830.60939515989 83.0922916666667
0 3.61270833333333
1244.50793488832 83.0922916666667
0 3.61270833333333
1046.50226120239 169.797291666667
0 0
783.990871963498 0
0 3.61270833333333
1046.50226120239 83.0922916666667
0 3.61270833333333
783.990871963498 169.797291666667
0 0
783.990871963498 83.0922916666667
0 3.61270833333333
622.253967444162 83.0922916666667
0 3.61270833333333
466.16376151809 83.0922916666667
0 3.61270833333333
554.365261953744 83.0922916666667
0 3.61270833333333
622.253967444162 83.0922916666667
0 3.61270833333333
554.365261953744 83.0922916666667
0 3.61270833333333
932.32752303618 83.0922916666667
0 3.61270833333333
783.990871963498 83.0922916666667
0 3.61270833333333
659.25511382574 83.0922916666667
0 3.61270833333333
783.990871963498 83.0922916666667
0 3.61270833333333
932.32752303618 83.0922916666667
0 3.61270833333333
830.60939515989 169.797291666667
0 0
698.456462866008 0
0 3.61270833333333
830.60939515989 83.0922916666667
0 3.61270833333333
783.990871963498 169.797291666667
0 0
783.990871963498 83.0922916666667
0 3.61270833333333
622.253967444162 83.0922916666667
0 3.61270833333333
523.251130601197 83.0922916666667
0 90.3177083333333
622.253967444162 169.797291666667
0 3.61270833333333
622.253967444162 83.0922916666667
0 3.61270833333333
698.456462866008 169.797291666667
0 3.61270833333333
622.253967444162 169.797291666667
0 3.61270833333333
932.32752303618 83.0922916666667
0 0
466.16376151809 83.0922916666667
0 3.61270833333333
622.253967444162 83.0922916666667
0 3.61270833333333
932.32752303618 169.797291666667
0 3.61270833333333
622.253967444162 83.0922916666667
0 3.61270833333333
932.32752303618 83.0922916666667
0 3.61270833333333
622.253967444162 83.0922916666667
0 3.61270833333333
830.60939515989 83.0922916666667
0 3.61270833333333
523.251130601197 83.0922916666667
0 3.61270833333333
622.253967444162 83.0922916666667
0 3.61270833333333
830.60939515989 169.797291666667
0 3.61270833333333
622.253967444162 83.0922916666667
0 3.61270833333333
523.251130601197 83.0922916666667
0 3.61270833333333
415.304697579945 83.0922916666667
0 3.61270833333333
830.60939515989 169.797291666667
0 0
698.456462866008 0
0 3.61270833333333
830.60939515989 83.0922916666667
0 3.61270833333333
783.990871963498 169.797291666667
0 0
783.990871963498 83.0922916666667
0 3.61270833333333
622.253967444162 83.0922916666667
0 3.61270833333333
523.251130601197 83.0922916666667
0 90.3177083333333
622.253967444162 169.797291666667
0 3.61270833333333
622.253967444162 83.0922916666667
0 3.61270833333333
698.456462866008 83.0922916666667
0 3.61270833333333
622.253967444162 83.0922916666667
0 3.61270833333333
830.60939515989 83.0922916666667
0 3.61270833333333
1244.50793488832 83.0922916666667
0 3.61270833333333
1046.50226120239 169.797291666667
0 0
783.990871963498 0
0 3.61270833333333
1046.50226120239 83.0922916666667
0 3.61270833333333
783.990871963498 169.797291666667
0 0
783.990871963498 83.0922916666667
0 3.61270833333333
622.253967444162 83.0922916666667
0 3.61270833333333
466.16376151809 83.0922916666667
0 3.61270833333333
554.365261953744 83.0922916666667
0 3.61270833333333
622.253967444162 83.0922916666667
0 3.61270833333333
554.365261953744 83.0922916666667
0 3.61270833333333
932.32752303618 83.0922916666667
0 3.61270833333333
783.990871963498 83.0922916666667
0 3.61270833333333
659.25511382574 83.0922916666667
0 3.61270833333333
783.990871963498 83.0922916666667
0 3.61270833333333
932.32752303618 83.0922916666667
0 3.61270833333333
830.60939515989 169.797291666667
0 0
698.456462866008 0
0 3.61270833333333
830.60939515989 83.0922916666667
0 3.61270833333333
783.990871963498 169.797291666667
0 0
783.990871963498 83.0922916666667
0 3.61270833333333
622.253967444162 83.0922916666667
0 3.61270833333333
523.251130601197 83.0922916666667
0 90.3177083333333
622.253967444162 169.797291666667
0 3.61270833333333
622.253967444162 83.0922916666667
0 3.61270833333333
698.456462866008 169.797291666667
0 3.61270833333333
622.253967444162 169.797291666667
0 3.61270833333333
932.32752303618 83.0922916666667
0 0
466.16376151809 83.0922916666667
0 3.61270833333333
622.253967444162 83.0922916666667
0 3.61270833333333
932.32752303618 169.797291666667
0 3.61270833333333
622.253967444162 83.0922916666667
0 3.61270833333333
932.32752303618 83.0922916666667
0 3.61270833333333
622.253967444162 83.0922916666667
0 3.61270833333333
830.60939515989 83.0922916666667
0 3.61270833333333
523.251130601197 83.0922916666667
0 3.61270833333333
622.253967444162 83.0922916666667
0 3.61270833333333
830.60939515989 169.797291666667
0 3.61270833333333
622.253967444162 83.0922916666667
0 3.61270833333333
523.251130601197 83.0922916666667
0 3.61270833333333
415.304697579945 83.0922916666667
0 3.61270833333333
830.60939515989 169.797291666667
0 0
698.456462866008 0
0 3.61270833333333
830.60939515989 83.0922916666667
0 3.61270833333333
783.990871963498 169.797291666667
0 0
783.990871963498 83.0922916666667
0 3.61270833333333
622.253967444162 83.0922916666667
0 3.61270833333333
523.251130601197 83.0922916666667
0 90.3177083333333
622.253967444162 169.797291666667
0 3.61270833333333
622.253967444162 83.0922916666667
0 3.61270833333333
698.456462866008 83.0922916666667
0 3.61270833333333
622.253967444162 83.0922916666667
0 3.61270833333333
830.60939515989 83.0922916666667
0 3.61270833333333
1244.50793488832 83.0922916666667
0 3.61270833333333
1046.50226120239 169.797291666667
0 0
783.990871963498 0
0 3.61270833333333
1046.50226120239 83.0922916666667
0 3.61270833333333
783.990871963498 169.797291666667
0 0
783.990871963498 83.0922916666667
0 3.61270833333333
622.253967444162 83.0922916666667
0 3.61270833333333
466.16376151809 83.0922916666667
0 3.61270833333333
554.365261953744 83.0922916666667
0 3.61270833333333
622.253967444162 83.0922916666667
0 3.61270833333333
554.365261953744 83.0922916666667
0 3.61270833333333
932.32752303618 83.0922916666667
0 3.61270833333333
783.990871963498 83.0922916666667
0 3.61270833333333
659.25511382574 83.0922916666667
0 3.61270833333333
783.990871963498 83.0922916666667
0 3.61270833333333
932.32752303618 83.0922916666667
0 3.61270833333333
830.60939515989 169.797291666667
0 0
698.456462866008 0
0 3.61270833333333
830.60939515989 83.0922916666667
0 3.61270833333333
783.990871963498 169.797291666667
0 0
783.990871963498 83.0922916666667
0 3.61270833333333
622.253967444162 83.0922916666667
0 3.61270833333333
523.251130601197 83.0922916666667
0 90.3177083333333
622.253967444162 169.797291666667
0 3.61270833333333
622.253967444162 83.0922916666667
0 3.61270833333333
698.456462866008 169.797291666667
0 3.61270833333333
622.253967444162 169.797291666667
0 3.61270833333333
932.32752303618 83.0922916666667
0 0
466.16376151809 83.0922916666667
0 3.61270833333333
622.253967444162 83.0922916666667
0 3.61270833333333
932.32752303618 169.797291666667
0 3.61270833333333
622.253967444162 83.0922916666667
0 3.61270833333333
932.32752303618 83.0922916666667
0 3.61270833333333
622.253967444162 83.0922916666667
0 3.61270833333333
830.60939515989 83.0922916666667
0 3.61270833333333
523.251130601197 83.0922916666667
0 3.61270833333333
622.253967444162 83.0922916666667
0 3.61270833333333
830.60939515989 169.797291666667
0 3.61270833333333
622.253967444162 83.0922916666667
0 3.61270833333333
523.251130601197 83.0922916666667
0 3.61270833333333
415.304697579945 83.0922916666667
0 3.61270833333333
830.60939515989 169.797291666667
0 0
698.456462866008 0
0 3.61270833333333
830.60939515989 83.0922916666667
0 3.61270833333333
783.990871963498 169.797291666667
0 0
783.990871963498 83.0922916666667
0 3.61270833333333
622.253967444162 83.0922916666667
0 3.61270833333333
523.251130601197 83.0922916666667
0 90.3177083333333
622.253967444162 169.797291666667
0 3.61270833333333
622.253967444162 83.0922916666667
0 3.61270833333333
698.456462866008 83.0922916666667
0 3.61270833333333
622.253967444162 83.0922916666667
0 3.61270833333333
830.60939515989 83.0922916666667
0 3.61270833333333
1244.50793488832 83.0922916666667
0 3.61270833333333
1046.50226120239 169.797291666667
0 0
783.990871963498 0
0 3.61270833333333
1046.50226120239 83.0922916666667
0 3.61270833333333
783.990871963498 169.797291666667
0 0
783.990871963498 83.0922916666667
0 3.61270833333333
622.253967444162 83.0922916666667
0 3.61270833333333
466.16376151809 83.0922916666667
0 3.61270833333333
554.365261953744 83.0922916666667
0 3.61270833333333
622.253967444162 83.0922916666667
0 3.61270833333333
554.365261953744 83.0922916666667
0 3.61270833333333
932.32752303618 83.0922916666667
0 3.61270833333333
783.990871963498 83.0922916666667
0 3.61270833333333
659.25511382574 83.0922916666667
0 3.61270833333333
783.990871963498 83.0922916666667
0 3.61270833333333
932.32752303618 83.0922916666667
0 3.61270833333333
830.60939515989 169.797291666667
0 0
698.456462866008 0
0 3.61270833333333
830.60939515989 83.0922916666667
0 3.61270833333333
783.990871963498 169.797291666667
0 0
783.990871963498 83.0922916666667
0 3.61270833333333
622.253967444162 83.0922916666667
0 3.61270833333333
523.251130601197 83.0922916666667
0 90.3177083333333
622.253967444162 169.797291666667
0 3.61270833333333
622.253967444162 83.0922916666667
0 3.61270833333333
698.456462866008 169.797291666667
0 3.61270833333333
622.253967444162 169.797291666667
0 3.61270833333333
932.32752303618 83.0922916666667
0 0
466.16376151809 83.0922916666667
0 3.61270833333333
622.253967444162 83.0922916666667
0 3.61270833333333
932.32752303618 169.797291666667
0 3.61270833333333
622.253967444162 83.0922916666667
0 3.61270833333333
932.32752303618 83.0922916666667
0 3.61270833333333
622.253967444162 83.0922916666667
0 3.61270833333333
830.60939515989 83.0922916666667
0 3.61270833333333
523.251130601197 83.0922916666667
0 3.61270833333333
622.253967444162 83.0922916666667
0 3.61270833333333
830.60939515989 169.797291666667
0 3.61270833333333
622.253967444162 83.0922916666667
0 3.61270833333333
523.251130601197 83.0922916666667
0 3.61270833333333
415.304697579945 83.0922916666667
0 3.61270833333333
622.253967444162 256.502291666667
0 0
415.304697579945 0
0 3.61270833333333
622.253967444162 256.502291666667
0 0
415.304697579945 0
0 3.61270833333333
622.253967444162 256.502291666667
0 0
391.995435981749 0
0 3.61270833333333
622.253967444162 256.502291666667
0 0
391.995435981749 0
0 3.61270833333333
554.365261953744 169.797291666667
0 0
415.304697579945 0
0 3.61270833333333
523.251130601197 169.797291666667
0 0
415.304697579945 0
0 177.022708333333
311.126983722081 169.797291666667
0 0
311.126983722081 256.502291666667
0 0
311.126983722081 83.0922916666667
0 0
311.126983722081 169.797291666667
0 0
311.126983722081 256.502291666667
0 0
311.126983722081 169.797291666667
0 0
622.253967444162 256.502291666667
0 0
415.304697579945 0
0 3.61270833333333
622.253967444162 256.502291666667
0 0
415.304697579945 0
0 3.61270833333333
622.253967444162 256.502291666667
0 0
391.995435981749 0
0 3.61270833333333
622.253967444162 256.502291666667
0 0
391.995435981749 0
0 3.61270833333333
554.365261953744 169.797291666667
0 0
415.304697579945 0
0 3.61270833333333
523.251130601197 169.797291666667
0 0
415.304697579945 0
0 177.022708333333
311.126983722081 169.797291666667
0 0
311.126983722081 256.502291666667
0 0
311.126983722081 83.0922916666667
0 0
311.126983722081 169.797291666667
0 0
311.126983722081 256.502291666667
0 0
311.126983722081 169.797291666667
0 0
622.253967444162 256.502291666667
0 0
415.304697579945 0
0 3.61270833333333
622.253967444162 256.502291666667
0 0
415.304697579945 0
0 3.61270833333333
622.253967444162 256.502291666667
0 0
391.995435981749 0
0 3.61270833333333
622.253967444162 256.502291666667
0 0
391.995435981749 0
0 3.61270833333333
554.365261953744 169.797291666667
0 0
415.304697579945 0
0 3.61270833333333
523.251130601197 169.797291666667
0 0
415.304697579945 0
0 177.022708333333
311.126983722081 169.797291666667
0 0
311.126983722081 256.502291666667
0 0
311.126983722081 83.0922916666667
0 0
311.126983722081 169.797291666667
0 0
311.126983722081 256.502291666667
0 0
311.126983722081 169.797291666667
0 0
622.253967444162 256.502291666667
0 0
415.304697579945 0
0 3.61270833333333
622.253967444162 256.502291666667
0 0
415.304697579945 0
0 3.61270833333333
622.253967444162 256.502291666667
0 0
391.995435981749 0
0 3.61270833333333
622.253967444162 256.502291666667
0 0
391.995435981749 0
0 3.61270833333333
554.365261953744 169.797291666667
0 0
415.304697579945 0
0 3.61270833333333
523.251130601197 169.797291666667
0 0
415.304697579945 0
0 177.022708333333
311.126983722081 169.797291666667
0 0
311.126983722081 256.502291666667
0 0
311.126983722081 83.0922916666667
0 0
311.126983722081 169.797291666667
0 0
311.126983722081 256.502291666667
0 0
311.126983722081 169.797291666667
0 0
3729.31009214472 1994.215
0 104.768541666667
3322.43758063956 18.0635416666667
0 3.61270833333333
3135.96348785399 18.0635416666667
0 3.61270833333333
2793.82585146403 18.0635416666667
0 3.61270833333333
2489.01586977665 18.0635416666667
0 3.61270833333333
2217.46104781498 18.0635416666667
0 3.61270833333333
2093.00452240479 18.0635416666667
0 3.61270833333333
1864.65504607236 18.0635416666667
0 3.61270833333333
1661.21879031978 18.0635416666667
0 3.61270833333333
1567.981743927 18.0635416666667
0 3.61270833333333
1396.91292573202 18.0635416666667
0 3.61270833333333
1244.50793488832 18.0635416666667
0 3.61270833333333
1108.73052390749 18.0635416666667
0 3.61270833333333
1046.50226120239 18.0635416666667
0 3.61270833333333
932.32752303618 18.0635416666667
0 3.61270833333333
830.60939515989 18.0635416666667
0 3.61270833333333
783.990871963498 18.0635416666667
0 3.61270833333333
698.456462866008 18.0635416666667
0 3.61270833333333
622.253967444162 18.0635416666667
0 3.61270833333333
554.365261953744 18.0635416666667
0 3.61270833333333
523.251130601197 18.0635416666667
0 3.61270833333333
466.16376151809 18.0635416666667
0 3.61270833333333
415.304697579945 18.0635416666667
0 3.61270833333333
391.995435981749 18.0635416666667
0 3.61270833333333
349.228231433004 18.0635416666667
0 3.61270833333333
311.126983722081 18.0635416666667
0 3.61270833333333
277.182630976872 18.0635416666667
0 3.61270833333333
261.625565300599 18.0635416666667
0 3.61270833333333
233.081880759045 83.0922916666667
0 3.61270833333333
415.304697579945 169.797291666667
0 0
349.228231433004 0
0 3.61270833333333
415.304697579945 83.0922916666667
0 3.61270833333333
391.995435981749 169.797291666667
0 0
391.995435981749 83.0922916666667
0 3.61270833333333
311.126983722081 83.0922916666667
0 3.61270833333333
261.625565300599 83.0922916666667
0 90.3177083333333
311.126983722081 169.797291666667
0 3.61270833333333
311.126983722081 83.0922916666667
0 3.61270833333333
349.228231433004 83.0922916666667
0 3.61270833333333
311.126983722081 83.0922916666667
0 3.61270833333333
415.304697579945 83.0922916666667
0 3.61270833333333
622.253967444162 83.0922916666667
0 3.61270833333333
523.251130601197 169.797291666667
0 0
391.995435981749 0
0 3.61270833333333
523.251130601197 83.0922916666667
0 3.61270833333333
391.995435981749 169.797291666667
0 0
391.995435981749 83.0922916666667
0 3.61270833333333
311.126983722081 83.0922916666667
0 3.61270833333333
233.081880759045 83.0922916666667
0 3.61270833333333
277.182630976872 83.0922916666667
0 3.61270833333333
311.126983722081 83.0922916666667
0 3.61270833333333
277.182630976872 83.0922916666667
0 3.61270833333333
466.16376151809 83.0922916666667
0 3.61270833333333
391.995435981749 83.0922916666667
0 3.61270833333333
329.62755691287 83.0922916666667
0 3.61270833333333
391.995435981749 83.0922916666667
0 3.61270833333333
466.16376151809 83.0922916666667
0 3.61270833333333
415.304697579945 169.797291666667
0 0
349.228231433004 0
0 3.61270833333333
415.304697579945 83.0922916666667
0 3.61270833333333
391.995435981749 169.797291666667
0 0
391.995435981749 83.0922916666667
0 3.61270833333333
311.126983722081 83.0922916666667
0 3.61270833333333
261.625565300599 83.0922916666667
0 90.3177083333333
311.126983722081 169.797291666667
0 3.61270833333333
311.126983722081 83.0922916666667
0 3.61270833333333
349.228231433004 169.797291666667
0 3.61270833333333
311.126983722081 169.797291666667
0 3.61270833333333
466.16376151809 83.0922916666667
0 0
233.081880759045 83.0922916666667
0 3.61270833333333
311.126983722081 83.0922916666667
0 3.61270833333333
466.16376151809 169.797291666667
0 3.61270833333333
311.126983722081 83.0922916666667
0 3.61270833333333
466.16376151809 83.0922916666667
0 3.61270833333333
311.126983722081 83.0922916666667
0 3.61270833333333
415.304697579945 83.0922916666667
0 3.61270833333333
261.625565300599 83.0922916666667
0 3.61270833333333
311.126983722081 83.0922916666667
0 3.61270833333333
415.304697579945 169.797291666667
0 3.61270833333333
311.126983722081 83.0922916666667
0 3.61270833333333
261.625565300599 83.0922916666667
0 3.61270833333333
207.652348789973 83.0922916666667
0 3.61270833333333
415.304697579945 169.797291666667
0 0
349.228231433004 0
0 3.61270833333333
415.304697579945 83.0922916666667
0 3.61270833333333
391.995435981749 169.797291666667
0 0
391.995435981749 83.0922916666667
0 3.61270833333333
311.126983722081 83.0922916666667
0 3.61270833333333
261.625565300599 83.0922916666667
0 90.3177083333333
311.126983722081 169.797291666667
0 3.61270833333333
311.126983722081 83.0922916666667
0 3.61270833333333
349.228231433004 83.0922916666667
0 3.61270833333333
311.126983722081 83.0922916666667
0 3.61270833333333
415.304697579945 83.0922916666667
0 3.61270833333333
622.253967444162 83.0922916666667
0 3.61270833333333
523.251130601197 169.797291666667
0 0
391.995435981749 0
0 3.61270833333333
523.251130601197 83.0922916666667
0 3.61270833333333
391.995435981749 169.797291666667
0 0
391.995435981749 83.0922916666667
0 3.61270833333333
311.126983722081 83.0922916666667
0 3.61270833333333
233.081880759045 83.0922916666667
0 3.61270833333333
277.182630976872 83.0922916666667
0 3.61270833333333
311.126983722081 83.0922916666667
0 3.61270833333333
277.182630976872 83.0922916666667
0 3.61270833333333
466.16376151809 83.0922916666667
0 3.61270833333333
391.995435981749 83.0922916666667
0 3.61270833333333
329.62755691287 83.0922916666667
0 3.61270833333333
391.995435981749 83.0922916666667
0 3.61270833333333
466.16376151809 83.0922916666667
0 3.61270833333333
415.304697579945 169.797291666667
0 0
349.228231433004 0
0 3.61270833333333
415.304697579945 83.0922916666667
0 3.61270833333333
391.995435981749 169.797291666667
0 0
391.995435981749 83.0922916666667
0 3.61270833333333
311.126983722081 83.0922916666667
0 3.61270833333333
261.625565300599 83.0922916666667
0 90.3177083333333
311.126983722081 169.797291666667
0 3.61270833333333
311.126983722081 83.0922916666667
0 3.61270833333333
349.228231433004 169.797291666667
0 3.61270833333333
311.126983722081 169.797291666667
0 3.61270833333333
466.16376151809 83.0922916666667
0 0
233.081880759045 83.0922916666667
0 3.61270833333333
311.126983722081 83.0922916666667
0 3.61270833333333
466.16376151809 169.797291666667
0 3.61270833333333
311.126983722081 83.0922916666667
0 3.61270833333333
466.16376151809 83.0922916666667
0 3.61270833333333
311.126983722081 83.0922916666667
0 3.61270833333333
415.304697579945 83.0922916666667
0 3.61270833333333
261.625565300599 83.0922916666667
0 3.61270833333333
311.126983722081 83.0922916666667
0 3.61270833333333
415.304697579945 83.0922916666667
0 3.61270833333333
1661.21879031978 18.0635416666667
0 3.61270833333333
1567.981743927 18.0635416666667
0 3.61270833333333
1244.50793488832 18.0635416666667
0 3.61270833333333
1108.73052390749 18.0635416666667
0 3.61270833333333
932.32752303618 18.0635416666667
0 3.61270833333333
830.60939515989 18.0635416666667
0 3.61270833333333
698.456462866008 18.0635416666667
0 3.61270833333333
622.253967444162 18.0635416666667
0 3.61270833333333
523.251130601197 18.0635416666667
0 3.61270833333333
466.16376151809 18.0635416666667
0 3.61270833333333
391.995435981749 18.0635416666667
0 3.61270833333333
349.228231433004 18.0635416666667
0 3.61270833333333
311.126983722081 18.0635416666667
0 3.61270833333333
261.625565300599 18.0635416666667
0 3.61270833333333
233.081880759045 18.0635416666667
0 3.61270833333333
207.652348789973 18.0635416666667
0 3.61270833333333
1244.50793488832 83.0922916666667
0 0
622.253967444162 83.0922916666667
0 3.61270833333333
1244.50793488832 83.0922916666667
0 3.61270833333333
1046.50226120239 83.0922916666667
0 3.61270833333333
554.365261953744 83.0922916666667
0 3.61270833333333
1046.50226120239 83.0922916666667
0 3.61270833333333
932.32752303618 83.0922916666667
0 3.61270833333333
698.456462866008 83.0922916666667
0 3.61270833333333
554.365261953744 83.0922916666667
0 3.61270833333333
698.456462866008 83.0922916666667
0 3.61270833333333
622.253967444162 83.0922916666667
0 3.61270833333333
698.456462866008 83.0922916666667
0 3.61270833333333
830.60939515989 83.0922916666667
0 3.61270833333333
783.990871963498 83.0922916666667
0 3.61270833333333
622.253967444162 83.0922916666667
0 3.61270833333333
415.304697579945 83.0922916666667
0 3.61270833333333
1244.50793488832 169.797291666667
0 0
932.32752303618 0
0 3.61270833333333
622.253967444162 83.0922916666667
0 3.61270833333333
932.32752303618 83.0922916666667
0 3.61270833333333
622.253967444162 83.0922916666667
0 3.61270833333333
783.990871963498 83.0922916666667
0 3.61270833333333
622.253967444162 83.0922916666667
0 3.61270833333333
466.16376151809 83.0922916666667
0 3.61270833333333
659.25511382574 83.0922916666667
0 3.61270833333333
783.990871963498 83.0922916666667
0 3.61270833333333
659.25511382574 83.0922916666667
0 3.61270833333333
932.32752303618 83.0922916666667
0 3.61270833333333
783.990871963498 83.0922916666667
0 3.61270833333333
659.25511382574 83.0922916666667
0 3.61270833333333
932.32752303618 83.0922916666667
0 3.61270833333333
1108.73052390749 83.0922916666667
0 3.61270833333333
1046.50226120239 83.0922916666667
0 0
698.456462866008 83.0922916666667
0 3.61270833333333
1046.50226120239 83.0922916666667
0 3.61270833333333
932.32752303618 83.0922916666667
0 3.61270833333333
698.456462866008 83.0922916666667
0 3.61270833333333
932.32752303618 83.0922916666667
0 3.61270833333333
830.60939515989 83.0922916666667
0 3.61270833333333
622.253967444162 83.0922916666667
0 3.61270833333333
349.228231433004 83.0922916666667
0 3.61270833333333
622.253967444162 83.0922916666667
0 3.61270833333333
349.228231433004 83.0922916666667
0 3.61270833333333
554.365261953744 83.0922916666667
0 3.61270833333333
698.456462866008 169.797291666667
0 3.61270833333333
622.253967444162 83.0922916666667
0 3.61270833333333
1244.50793488832 83.0922916666667
0 3.61270833333333
932.32752303618 83.0922916666667
0 0
466.16376151809 83.0922916666667
0 3.61270833333333
622.253967444162 83.0922916666667
0 3.61270833333333
932.32752303618 169.797291666667
0 3.61270833333333
622.253967444162 83.0922916666667
0 3.61270833333333
932.32752303618 83.0922916666667
0 3.61270833333333
622.253967444162 83.0922916666667
0 3.61270833333333
830.60939515989 83.0922916666667
0 3.61270833333333
523.251130601197 83.0922916666667
0 3.61270833333333
622.253967444162 83.0922916666667
0 3.61270833333333
830.60939515989 169.797291666667
0 3.61270833333333
622.253967444162 83.0922916666667
0 3.61270833333333
523.251130601197 83.0922916666667
0 3.61270833333333
415.304697579945 83.0922916666667
0 3.61270833333333
1244.50793488832 83.0922916666667
0 0
622.253967444162 83.0922916666667
0 3.61270833333333
1244.50793488832 83.0922916666667
0 3.61270833333333
1046.50226120239 83.0922916666667
0 3.61270833333333
554.365261953744 83.0922916666667
0 3.61270833333333
1046.50226120239 83.0922916666667
0 3.61270833333333
932.32752303618 83.0922916666667
0 3.61270833333333
698.456462866008 83.0922916666667
0 3.61270833333333
554.365261953744 83.0922916666667
0 3.61270833333333
698.456462866008 83.0922916666667
0 3.61270833333333
622.253967444162 83.0922916666667
0 3.61270833333333
698.456462866008 83.0922916666667
0 3.61270833333333
830.60939515989 83.0922916666667
0 3.61270833333333
783.990871963498 83.0922916666667
0 3.61270833333333
622.253967444162 83.0922916666667
0 3.61270833333333
415.304697579945 83.0922916666667
0 3.61270833333333
1244.50793488832 169.797291666667
0 0
932.32752303618 0
0 3.61270833333333
622.253967444162 83.0922916666667
0 3.61270833333333
932.32752303618 83.0922916666667
0 3.61270833333333
622.253967444162 83.0922916666667
0 3.61270833333333
783.990871963498 83.0922916666667
0 3.61270833333333
622.253967444162 83.0922916666667
0 3.61270833333333
466.16376151809 83.0922916666667
0 3.61270833333333
659.25511382574 83.0922916666667
0 3.61270833333333
783.990871963498 83.0922916666667
0 3.61270833333333
659.25511382574 83.0922916666667
0 3.61270833333333
932.32752303618 83.0922916666667
0 3.61270833333333
783.990871963498 83.0922916666667
0 3.61270833333333
659.25511382574 83.0922916666667
0 3.61270833333333
932.32752303618 83.0922916666667
0 3.61270833333333
1108.73052390749 83.0922916666667
0 3.61270833333333
1046.50226120239 83.0922916666667
0 0
698.456462866008 83.0922916666667
0 3.61270833333333
1046.50226120239 83.0922916666667
0 3.61270833333333
932.32752303618 83.0922916666667
0 3.61270833333333
698.456462866008 83.0922916666667
0 3.61270833333333
932.32752303618 83.0922916666667
0 3.61270833333333
830.60939515989 83.0922916666667
0 3.61270833333333
622.253967444162 83.0922916666667
0 3.61270833333333
349.228231433004 83.0922916666667
0 3.61270833333333
622.253967444162 83.0922916666667
0 3.61270833333333
349.228231433004 83.0922916666667
0 3.61270833333333
554.365261953744 83.0922916666667
0 3.61270833333333
698.456462866008 169.797291666667
0 3.61270833333333
622.253967444162 83.0922916666667
0 3.61270833333333
1244.50793488832 83.0922916666667
0 3.61270833333333
932.32752303618 83.0922916666667
0 0
466.16376151809 83.0922916666667
0 3.61270833333333
622.253967444162 83.0922916666667
0 3.61270833333333
932.32752303618 169.797291666667
0 3.61270833333333
622.253967444162 83.0922916666667
0 3.61270833333333
932.32752303618 83.0922916666667
0 3.61270833333333
622.253967444162 83.0922916666667
0 3.61270833333333
830.60939515989 83.0922916666667
0 3.61270833333333
523.251130601197 83.0922916666667
0 3.61270833333333
622.253967444162 83.0922916666667
0 3.61270833333333
830.60939515989 169.797291666667
0 3.61270833333333
622.253967444162 83.0922916666667
0 3.61270833333333
523.251130601197 83.0922916666667
0 3.61270833333333
415.304697579945 83.0922916666667
0 3.61270833333333
622.253967444162 256.502291666667
0 0
415.304697579945 0
0 3.61270833333333
622.253967444162 256.502291666667
0 0
415.304697579945 0
0 3.61270833333333
622.253967444162 256.502291666667
0 0
391.995435981749 0
0 3.61270833333333
622.253967444162 256.502291666667
0 0
391.995435981749 0
0 3.61270833333333
554.365261953744 169.797291666667
0 0
415.304697579945 0
0 3.61270833333333
523.251130601197 169.797291666667
0 0
415.304697579945 0
0 177.022708333333
311.126983722081 169.797291666667
0 0
311.126983722081 256.502291666667
0 0
311.126983722081 83.0922916666667
0 0
311.126983722081 169.797291666667
0 0
311.126983722081 256.502291666667
0 0
311.126983722081 169.797291666667
0 0
195.997717990875 256.502291666667
0 0
130.812782650299 0
0 3.61270833333333
195.997717990875 256.502291666667
0 0
130.812782650299 0
0 3.61270833333333
195.997717990875 256.502291666667
0 0
116.540940379522 0
0 3.61270833333333
195.997717990875 256.502291666667
0 0
116.540940379522 0
0 3.61270833333333
174.614115716502 169.797291666667
0 0
130.812782650299 0
0 3.61270833333333
155.56349186104 169.797291666667
0 0
130.812782650299 0
0 177.022708333333
311.126983722081 169.797291666667
0 0
311.126983722081 256.502291666667
0 0
311.126983722081 83.0922916666667
0 0
311.126983722081 169.797291666667
0 0
311.126983722081 256.502291666667
0 0
311.126983722081 169.797291666667
0 0
195.997717990875 256.502291666667
0 0
130.812782650299 0
0 3.61270833333333
195.997717990875 256.502291666667
0 0
130.812782650299 0
0 3.61270833333333
195.997717990875 256.502291666667
0 0
116.540940379522 0
0 3.61270833333333
195.997717990875 256.502291666667
0 0
116.540940379522 0
0 3.61270833333333
174.614115716502 169.797291666667
0 0
130.812782650299 0
0 3.61270833333333
155.56349186104 169.797291666667
0 0
130.812782650299 0
0 177.022708333333
311.126983722081 169.797291666667
0 0
311.126983722081 256.502291666667
0 0
311.126983722081 83.0922916666667
0 0
311.126983722081 169.797291666667
0 0
311.126983722081 256.502291666667
0 0
311.126983722081 169.797291666667
0 0
195.997717990875 256.502291666667
0 0
130.812782650299 0
0 3.61270833333333
195.997717990875 256.502291666667
0 0
130.812782650299 0
0 3.61270833333333
195.997717990875 256.502291666667
0 0
116.540940379522 0
0 3.61270833333333
195.997717990875 256.502291666667
0 0
116.540940379522 0
0 3.61270833333333
174.614115716502 169.797291666667
0 0
130.812782650299 0
0 3.61270833333333
155.56349186104 169.797291666667
0 0
130.812782650299 0
0 177.022708333333
311.126983722081 169.797291666667
0 0
311.126983722081 256.502291666667
0 0
311.126983722081 83.0922916666667
0 0
311.126983722081 169.797291666667
0 0
311.126983722081 256.502291666667
0 0
311.126983722081 169.797291666667
0 0
311.126983722081 0
