0 0
207.652348789973 4075.135
0 0
174.614115716502 0
0 86.705
233.081880759045 606.935
0 0
195.997717990875 0
0 86.705
233.081880759045 606.935
0 0
195.997717990875 0
0 86.705
261.625565300599 2687.855
0 0
207.652348789973 0
0 86.705
233.081880759045 1300.575
0 0
195.997717990875 0
0 86.705
207.652348789973 606.935
0 0
233.081880759045 18.0635416666667
0 3.61270833333333
207.652348789973 18.0635416666667
0 3.61270833333333
195.997717990875 18.0635416666667
0 3.61270833333333
174.614115716502 18.0635416666667
0 3.61270833333333
155.56349186104 18.0635416666667
0 3.61270833333333
138.591315488436 18.0635416666667
0 3.61270833333333
130.812782650299 18.0635416666667
0 3.61270833333333
116.540940379522 18.0635416666667
0 3.61270833333333
103.826174394986 18.0635416666667
0 3.61270833333333
97.9988589954373 18.0635416666667
0 3.61270833333333
87.307057858251 18.0635416666667
0 3.61270833333333
69.295657744218 18.0635416666667
0 3.61270833333333
311.126983722081 256.502291666667
0 0
311.126983722081 256.502291666667
0 0
311.126983722081 256.502291666667
0 0
311.126983722081 256.502291666667
0 0
311.126983722081 86.705
0 83.0922916666667
207.652348789973 0
0 3.61270833333333
311.126983722081 256.502291666667
0 0
311.126983722081 256.502291666667
0 0
311.126983722081 256.502291666667
0 0
311.126983722081 256.502291666667
0 0
311.126983722081 86.705
0 83.0922916666667
207.652348789973 0
0 3.61270833333333
311.126983722081 256.502291666667
0 0
311.126983722081 256.502291666667
0 0
311.126983722081 256.502291666667
0 0
311.126983722081 256.502291666667
0 0
311.126983722081 86.705
0 83.0922916666667
207.652348789973 0
0 3.61270833333333
311.126983722081 256.502291666667
0 0
311.126983722081 173.41
0 83.0922916666667
233.081880759045 0
0 3.61270833333333
277.182630976872 256.502291666667
0 0
261.625565300599 256.502291666667
0 0
277.182630976872 86.705
0 83.0922916666667
233.081880759045 0
0 3.61270833333333
261.625565300599 256.502291666667
0 0
261.625565300599 256.502291666667
0 0
261.625565300599 256.502291666667
0 0
261.625565300599 256.502291666667
0 0
261.625565300599 86.705
0 83.0922916666667
207.652348789973 0
0 3.61270833333333
261.625565300599 256.502291666667
0 0
261.625565300599 256.502291666667
0 0
261.625565300599 256.502291666667
0 0
261.625565300599 256.502291666667
0 0
261.625565300599 86.705
0 83.0922916666667
207.652348789973 0
0 3.61270833333333
261.625565300599 256.502291666667
0 0
261.625565300599 256.502291666667
0 0
261.625565300599 256.502291666667
0 0
261.625565300599 256.502291666667
0 0
261.625565300599 86.705
0 83.0922916666667
207.652348789973 0
0 3.61270833333333
233.081880759045 256.502291666667
0 0
233.081880759045 256.502291666667
0 0
207.652348789973 256.502291666667
0 3.61270833333333
233.081880759045 256.502291666667
0 0
261.625565300599 86.705
0 83.0922916666667
195.997717990875 0
0 3.61270833333333
207.652348789973 256.502291666667
0 0
207.652348789973 256.502291666667
0 0
207.652348789973 256.502291666667
0 0
195.997717990875 256.502291666667
0 0
207.652348789973 86.705
0 0
138.591315488436 83.0922916666667
0 0
207.652348789973 256.502291666667
0 0
207.652348789973 256.502291666667
0 0
207.652348789973 256.502291666667
0 0
195.997717990875 256.502291666667
0 0
207.652348789973 86.705
0 83.0922916666667
174.614115716502 0
0 3.61270833333333
207.652348789973 256.502291666667
0 0
207.652348789973 256.502291666667
0 0
207.652348789973 256.502291666667
0 0
195.997717990875 256.502291666667
0 0
207.652348789973 86.705
0 83.0922916666667
174.614115716502 0
0 3.61270833333333
233.081880759045 256.502291666667
0 0
233.081880759045 173.41
0 83.0922916666667
195.997717990875 0
0 3.61270833333333
277.182630976872 256.502291666667
0 0
261.625565300599 256.502291666667
0 3.61270833333333
233.081880759045 86.705
0 83.0922916666667
261.625565300599 256.502291666667
0 0
261.625565300599 256.502291666667
0 0
261.625565300599 256.502291666667
0 0
261.625565300599 256.502291666667
0 0
261.625565300599 86.705
0 83.0922916666667
207.652348789973 0
0 3.61270833333333
261.625565300599 256.502291666667
0 0
261.625565300599 256.502291666667
0 0
261.625565300599 256.502291666667
0 0
261.625565300599 256.502291666667
0 0
261.625565300599 86.705
0 83.0922916666667
207.652348789973 0
0 3.61270833333333
261.625565300599 256.502291666667
0 0
261.625565300599 256.502291666667
0 0
261.625565300599 256.502291666667
0 0
261.625565300599 256.502291666667
0 0
261.625565300599 86.705
0 83.0922916666667
207.652348789973 0
0 3.61270833333333
233.081880759045 256.502291666667
0 0
233.081880759045 256.502291666667
0 0
207.652348789973 256.502291666667
0 3.61270833333333
233.081880759045 256.502291666667
0 0
261.625565300599 86.705
0 83.0922916666667
195.997717990875 0
0 3.61270833333333
207.652348789973 256.502291666667
0 0
207.652348789973 256.502291666667
0 0
207.652348789973 256.502291666667
0 0
195.997717990875 256.502291666667
0 0
207.652348789973 86.705
0 0
138.591315488436 83.0922916666667
0 0
207.652348789973 256.502291666667
0 0
207.652348789973 256.502291666667
0 0
207.652348789973 256.502291666667
0 0
195.997717990875 256.502291666667
0 0
207.652348789973 86.705
0 0
138.591315488436 83.0922916666667
0 0
207.652348789973 256.502291666667
0 0
207.652348789973 256.502291666667
0 0
207.652348789973 256.502291666667
0 0
195.997717990875 256.502291666667
0 0
207.652348789973 86.705
0 0
138.591315488436 83.0922916666667
0 0
207.652348789973 256.502291666667
0 0
207.652348789973 256.502291666667
0 0
207.652348789973 256.502291666667
0 0
195.997717990875 256.502291666667
0 0
207.652348789973 86.705
0 0
138.591315488436 83.0922916666667
0 0
138.591315488436 606.935
0 0
138.591315488436 606.935
0 0
138.591315488436 606.935
0 0
138.591315488436 606.935
0 0
138.591315488436 169.797291666667
0 0
138.591315488436 169.797291666667
0 0
138.591315488436 169.797291666667
0 0
138.591315488436 169.797291666667
0 0
138.591315488436 169.797291666667
0 0
138.591315488436 169.797291666667
0 0
69.295657744218 169.797291666667
0 0
174.614115716502 256.502291666667
0 0
130.812782650299 0
0 3.61270833333333
174.614115716502 256.502291666667
0 0
130.812782650299 0
0 3.61270833333333
174.614115716502 256.502291666667
0 0
130.812782650299 0
0 3.61270833333333
174.614115716502 256.502291666667
0 0
130.812782650299 0
0 3.61270833333333
174.614115716502 169.797291666667
0 0
130.812782650299 0
0 3.61270833333333
174.614115716502 169.797291666667
0 0
130.812782650299 0
0 3.61270833333333
69.295657744218 169.797291666667
0 3.61270833333333
174.614115716502 169.797291666667
0 0
69.295657744218 169.797291666667
0 3.61270833333333
174.614115716502 169.797291666667
0 0
69.295657744218 169.797291666667
0 3.61270833333333
174.614115716502 169.797291666667
0 0
69.295657744218 169.797291666667
0 3.61270833333333
174.614115716502 169.797291666667
0 0
77.7817459305202 169.797291666667
0 3.61270833333333
195.997717990875 169.797291666667
0 0
77.7817459305202 169.797291666667
0 3.61270833333333
195.997717990875 169.797291666667
0 0
82.4068892282175 169.797291666667
0 3.61270833333333
195.997717990875 169.797291666667
0 0
82.4068892282175 169.797291666667
0 3.61270833333333
195.997717990875 169.797291666667
0 0
87.307057858251 169.797291666667
0 3.61270833333333
207.652348789973 169.797291666667
0 0
87.307057858251 169.797291666667
0 3.61270833333333
207.652348789973 169.797291666667
0 0
87.307057858251 169.797291666667
0 3.61270833333333
207.652348789973 169.797291666667
0 0
87.307057858251 169.797291666667
0 3.61270833333333
207.652348789973 169.797291666667
0 0
77.7817459305202 169.797291666667
0 3.61270833333333
195.997717990875 169.797291666667
0 0
77.7817459305202 169.797291666667
0 3.61270833333333
195.997717990875 169.797291666667
0 0
103.826174394986 169.797291666667
0 3.61270833333333
261.625565300599 169.797291666667
0 0
103.826174394986 169.797291666667
0 3.61270833333333
261.625565300599 169.797291666667
0 0
69.295657744218 169.797291666667
0 3.61270833333333
174.614115716502 169.797291666667
0 0
69.295657744218 169.797291666667
0 3.61270833333333
174.614115716502 169.797291666667
0 0
69.295657744218 169.797291666667
0 3.61270833333333
174.614115716502 169.797291666667
0 0
69.295657744218 169.797291666667
0 3.61270833333333
174.614115716502 169.797291666667
0 0
77.7817459305202 169.797291666667
0 3.61270833333333
195.997717990875 169.797291666667
0 0
77.7817459305202 169.797291666667
0 3.61270833333333
195.997717990875 169.797291666667
0 0
82.4068892282175 169.797291666667
0 3.61270833333333
195.997717990875 169.797291666667
0 0
82.4068892282175 169.797291666667
0 3.61270833333333
195.997717990875 169.797291666667
0 0
87.307057858251 169.797291666667
0 3.61270833333333
207.652348789973 169.797291666667
0 0
87.307057858251 169.797291666667
0 3.61270833333333
207.652348789973 169.797291666667
0 0
87.307057858251 169.797291666667
0 3.61270833333333
207.652348789973 169.797291666667
0 0
87.307057858251 169.797291666667
0 3.61270833333333
207.652348789973 169.797291666667
0 0
77.7817459305202 169.797291666667
0 3.61270833333333
195.997717990875 169.797291666667
0 0
77.7817459305202 169.797291666667
0 3.61270833333333
195.997717990875 169.797291666667
0 0
103.826174394986 169.797291666667
0 3.61270833333333
261.625565300599 169.797291666667
0 0
103.826174394986 169.797291666667
0 3.61270833333333
261.625565300599 169.797291666667
0 0
69.295657744218 169.797291666667
0 3.61270833333333
174.614115716502 169.797291666667
0 0
69.295657744218 169.797291666667
0 3.61270833333333
174.614115716502 169.797291666667
0 0
69.295657744218 169.797291666667
0 3.61270833333333
174.614115716502 169.797291666667
0 0
69.295657744218 169.797291666667
0 3.61270833333333
174.614115716502 169.797291666667
0 0
77.7817459305202 169.797291666667
0 3.61270833333333
195.997717990875 169.797291666667
0 0
77.7817459305202 169.797291666667
0 3.61270833333333
195.997717990875 169.797291666667
0 0
82.4068892282175 169.797291666667
0 3.61270833333333
195.997717990875 169.797291666667
0 0
82.4068892282175 169.797291666667
0 3.61270833333333
195.997717990875 169.797291666667
0 0
87.307057858251 169.797291666667
0 3.61270833333333
207.652348789973 169.797291666667
0 0
87.307057858251 169.797291666667
0 3.61270833333333
207.652348789973 169.797291666667
0 0
87.307057858251 169.797291666667
0 3.61270833333333
207.652348789973 169.797291666667
0 0
87.307057858251 169.797291666667
0 3.61270833333333
207.652348789973 169.797291666667
0 0
77.7817459305202 169.797291666667
0 3.61270833333333
195.997717990875 169.797291666667
0 0
77.7817459305202 169.797291666667
0 3.61270833333333
195.997717990875 169.797291666667
0 0
103.826174394986 169.797291666667
0 3.61270833333333
261.625565300599 169.797291666667
0 0
103.826174394986 169.797291666667
0 3.61270833333333
261.625565300599 169.797291666667
0 0
69.295657744218 169.797291666667
0 3.61270833333333
174.614115716502 169.797291666667
0 0
69.295657744218 169.797291666667
0 3.61270833333333
174.614115716502 169.797291666667
0 0
69.295657744218 169.797291666667
0 3.61270833333333
174.614115716502 169.797291666667
0 0
69.295657744218 169.797291666667
0 3.61270833333333
174.614115716502 169.797291666667
0 0
77.7817459305202 169.797291666667
0 3.61270833333333
195.997717990875 169.797291666667
0 0
77.7817459305202 169.797291666667
0 3.61270833333333
195.997717990875 169.797291666667
0 0
82.4068892282175 169.797291666667
0 3.61270833333333
195.997717990875 169.797291666667
0 0
82.4068892282175 169.797291666667
0 3.61270833333333
195.997717990875 169.797291666667
0 0
87.307057858251 169.797291666667
0 3.61270833333333
207.652348789973 169.797291666667
0 0
87.307057858251 169.797291666667
0 3.61270833333333
207.652348789973 169.797291666667
0 0
87.307057858251 169.797291666667
0 3.61270833333333
207.652348789973 169.797291666667
0 0
87.307057858251 169.797291666667
0 3.61270833333333
207.652348789973 169.797291666667
0 0
77.7817459305202 169.797291666667
0 3.61270833333333
195.997717990875 169.797291666667
0 0
77.7817459305202 169.797291666667
0 3.61270833333333
195.997717990875 169.797291666667
0 0
103.826174394986 169.797291666667
0 3.61270833333333
261.625565300599 169.797291666667
0 0
103.826174394986 169.797291666667
0 3.61270833333333
261.625565300599 169.797291666667
0 0
138.591315488436 256.502291666667
0 0
138.591315488436 256.502291666667
0 0
138.591315488436 256.502291666667
0 0
138.591315488436 256.502291666667
0 0
138.591315488436 169.797291666667
0 0
138.591315488436 169.797291666667
0 0
174.614115716502 289.016666666667
0 57.8033333333333
174.614115716502 169.797291666667
0 3.61270833333333
174.614115716502 169.797291666667
0 3.61270833333333
174.614115716502 169.797291666667
0 3.61270833333333
174.614115716502 256.502291666667
0 3.61270833333333
174.614115716502 256.502291666667
0 3.61270833333333
138.591315488436 256.502291666667
0 0
138.591315488436 256.502291666667
0 0
138.591315488436 256.502291666667
0 0
138.591315488436 256.502291666667
0 0
138.591315488436 169.797291666667
0 0
138.591315488436 169.797291666667
0 0
174.614115716502 289.016666666667
0 57.8033333333333
174.614115716502 169.797291666667
0 3.61270833333333
174.614115716502 169.797291666667
0 3.61270833333333
174.614115716502 169.797291666667
0 3.61270833333333
174.614115716502 256.502291666667
0 3.61270833333333
174.614115716502 256.502291666667
0 3.61270833333333
138.591315488436 256.502291666667
0 0
138.591315488436 256.502291666667
0 0
138.591315488436 256.502291666667
0 0
138.591315488436 256.502291666667
0 0
138.591315488436 169.797291666667
0 0
138.591315488436 169.797291666667
0 0
174.614115716502 289.016666666667
0 57.8033333333333
174.614115716502 169.797291666667
0 3.61270833333333
174.614115716502 169.797291666667
0 3.61270833333333
174.614115716502 169.797291666667
0 3.61270833333333
174.614115716502 256.502291666667
0 3.61270833333333
174.614115716502 256.502291666667
0 3.61270833333333
138.591315488436 256.502291666667
0 0
138.591315488436 256.502291666667
0 0
138.591315488436 256.502291666667
0 0
138.591315488436 256.502291666667
0 0
138.591315488436 169.797291666667
0 0
138.591315488436 169.797291666667
0 0
174.614115716502 289.016666666667
0 57.8033333333333
174.614115716502 169.797291666667
0 3.61270833333333
174.614115716502 169.797291666667
0 3.61270833333333
174.614115716502 169.797291666667
0 3.61270833333333
174.614115716502 256.502291666667
0 3.61270833333333
174.614115716502 256.502291666667
0 3.61270833333333
77.7817459305202 2687.855
0 0
138.591315488436 1300.575
0 86.705
155.56349186104 606.935
0 86.705
164.813778456435 606.935
0 86.705
174.614115716502 1300.575
0 86.705
155.56349186104 606.935
0 86.705
207.652348789973 606.935
0 86.705
138.591315488436 1300.575
0 0
155.56349186104 606.935
0 0
164.813778456435 606.935
0 0
174.614115716502 1300.575
0 0
155.56349186104 256.502291666667
0 0
155.56349186104 256.502291666667
0 0
155.56349186104 256.502291666667
0 0
207.652348789973 256.502291666667
0 0
207.652348789973 169.797291666667
0 0
207.652348789973 169.797291666667
0 0
69.295657744218 169.797291666667
0 3.61270833333333
174.614115716502 169.797291666667
0 0
69.295657744218 169.797291666667
0 3.61270833333333
174.614115716502 169.797291666667
0 0
69.295657744218 169.797291666667
0 3.61270833333333
174.614115716502 169.797291666667
0 0
69.295657744218 169.797291666667
0 3.61270833333333
174.614115716502 169.797291666667
0 0
77.7817459305202 169.797291666667
0 3.61270833333333
195.997717990875 169.797291666667
0 0
77.7817459305202 169.797291666667
0 3.61270833333333
195.997717990875 169.797291666667
0 0
82.4068892282175 169.797291666667
0 3.61270833333333
195.997717990875 169.797291666667
0 0
82.4068892282175 169.797291666667
0 3.61270833333333
195.997717990875 169.797291666667
0 0
87.307057858251 169.797291666667
0 3.61270833333333
207.652348789973 169.797291666667
0 0
87.307057858251 169.797291666667
0 3.61270833333333
207.652348789973 169.797291666667
0 0
87.307057858251 169.797291666667
0 3.61270833333333
207.652348789973 169.797291666667
0 0
87.307057858251 169.797291666667
0 3.61270833333333
207.652348789973 169.797291666667
0 0
77.7817459305202 169.797291666667
0 3.61270833333333
195.997717990875 169.797291666667
0 0
77.7817459305202 169.797291666667
0 3.61270833333333
195.997717990875 169.797291666667
0 0
103.826174394986 169.797291666667
0 3.61270833333333
261.625565300599 169.797291666667
0 0
103.826174394986 169.797291666667
0 3.61270833333333
261.625565300599 169.797291666667
0 0
69.295657744218 169.797291666667
0 3.61270833333333
174.614115716502 169.797291666667
0 0
69.295657744218 169.797291666667
0 3.61270833333333
174.614115716502 169.797291666667
0 0
69.295657744218 169.797291666667
0 3.61270833333333
174.614115716502 169.797291666667
0 0
69.295657744218 169.797291666667
0 3.61270833333333
174.614115716502 169.797291666667
0 0
77.7817459305202 169.797291666667
0 3.61270833333333
195.997717990875 169.797291666667
0 0
77.7817459305202 169.797291666667
0 3.61270833333333
195.997717990875 169.797291666667
0 0
82.4068892282175 169.797291666667
0 3.61270833333333
195.997717990875 169.797291666667
0 0
82.4068892282175 169.797291666667
0 3.61270833333333
195.997717990875 169.797291666667
0 0
87.307057858251 169.797291666667
0 3.61270833333333
207.652348789973 169.797291666667
0 0
87.307057858251 169.797291666667
0 3.61270833333333
207.652348789973 169.797291666667
0 0
87.307057858251 169.797291666667
0 3.61270833333333
207.652348789973 169.797291666667
0 0
87.307057858251 169.797291666667
0 3.61270833333333
207.652348789973 169.797291666667
0 0
77.7817459305202 169.797291666667
0 3.61270833333333
195.997717990875 169.797291666667
0 0
77.7817459305202 169.797291666667
0 3.61270833333333
195.997717990875 169.797291666667
0 0
103.826174394986 169.797291666667
0 3.61270833333333
261.625565300599 169.797291666667
0 0
103.826174394986 169.797291666667
0 3.61270833333333
261.625565300599 169.797291666667
0 0
138.591315488436 256.502291666667
0 0
138.591315488436 256.502291666667
0 0
138.591315488436 256.502291666667
0 0
138.591315488436 256.502291666667
0 0
138.591315488436 169.797291666667
0 0
138.591315488436 169.797291666667
0 0
174.614115716502 289.016666666667
0 57.8033333333333
174.614115716502 169.797291666667
0 3.61270833333333
174.614115716502 169.797291666667
0 3.61270833333333
174.614115716502 169.797291666667
0 3.61270833333333
174.614115716502 256.502291666667
0 3.61270833333333
174.614115716502 256.502291666667
0 3.61270833333333
138.591315488436 256.502291666667
0 0
138.591315488436 256.502291666667
0 0
138.591315488436 256.502291666667
0 0
138.591315488436 256.502291666667
0 0
138.591315488436 169.797291666667
0 0
138.591315488436 169.797291666667
0 0
174.614115716502 289.016666666667
0 57.8033333333333
174.614115716502 169.797291666667
0 3.61270833333333
174.614115716502 169.797291666667
0 3.61270833333333
174.614115716502 169.797291666667
0 3.61270833333333
174.614115716502 256.502291666667
0 3.61270833333333
174.614115716502 256.502291666667
0 3.61270833333333
138.591315488436 256.502291666667
0 0
138.591315488436 256.502291666667
0 0
138.591315488436 256.502291666667
0 0
138.591315488436 256.502291666667
0 0
138.591315488436 169.797291666667
0 0
138.591315488436 169.797291666667
0 0
174.614115716502 289.016666666667
0 57.8033333333333
174.614115716502 169.797291666667
0 3.61270833333333
174.614115716502 169.797291666667
0 3.61270833333333
174.614115716502 169.797291666667
0 3.61270833333333
174.614115716502 256.502291666667
0 3.61270833333333
174.614115716502 256.502291666667
0 3.61270833333333
138.591315488436 256.502291666667
0 0
138.591315488436 256.502291666667
0 0
138.591315488436 256.502291666667
0 0
138.591315488436 256.502291666667
0 0
138.591315488436 169.797291666667
0 0
138.591315488436 169.797291666667
0 0
174.614115716502 289.016666666667
0 57.8033333333333
174.614115716502 169.797291666667
0 3.61270833333333
174.614115716502 169.797291666667
0 3.61270833333333
174.614115716502 169.797291666667
0 3.61270833333333
174.614115716502 256.502291666667
0 3.61270833333333
174.614115716502 256.502291666667
