0 0
440 159.574
0 0
440 79.787
0 0
440 79.787
0 0
349.228231433004 159.574
0 0
349.228231433004 159.574
0 0
415.304697579945 159.574
0 0
329.62755691287 159.574
0 0
415.304697579945 159.574
0 0
329.62755691287 159.574
0 0
493.883301256124 159.574
0 0
493.883301256124 79.787
0 0
493.883301256124 79.787
0 0
415.304697579945 159.574
0 0
415.304697579945 159.574
0 0
391.995435981749 159.574
0 0
466.16376151809 159.574
0 0
391.995435981749 159.574
0 0
466.16376151809 159.574
0 0
440 159.574
0 0
440 79.787
0 0
440 79.787
0 0
349.228231433004 159.574
0 0
349.228231433004 159.574
0 0
415.304697579945 159.574
0 0
329.62755691287 159.574
0 0
415.304697579945 159.574
0 0
329.62755691287 159.574
0 0
493.883301256124 159.574
0 0
493.883301256124 79.787
0 0
493.883301256124 79.787
0 0
415.304697579945 159.574
0 0
415.304697579945 159.574
0 0
391.995435981749 159.574
0 0
466.16376151809 159.574
0 0
391.995435981749 159.574
0 0
466.16376151809 159.574
0 0
440 159.574
0 0
440 79.787
0 0
440 79.787
0 0
349.228231433004 159.574
0 0
349.228231433004 159.574
0 0
415.304697579945 159.574
0 0
329.62755691287 159.574
0 0
415.304697579945 159.574
0 0
329.62755691287 159.574
0 0
493.883301256124 159.574
0 0
493.883301256124 79.787
0 0
493.883301256124 79.787
0 0
415.304697579945 159.574
0 0
415.304697579945 159.574
0 0
391.995435981749 159.574
0 0
466.16376151809 159.574
0 0
391.995435981749 159.574
0 0
466.16376151809 159.574
0 0
440 159.574
0 0
440 79.787
0 0
440 79.787
0 0
349.228231433004 159.574
0 0
349.228231433004 159.574
0 0
415.304697579945 159.574
0 0
329.62755691287 159.574
0 0
415.304697579945 159.574
0 0
329.62755691287 159.574
0 0
493.883301256124 159.574
0 0
493.883301256124 79.787
0 0
493.883301256124 79.787
0 0
415.304697579945 159.574
0 0
415.304697579945 159.574
0 0
391.995435981749 638.296
0 0
329.62755691287 79.787
0 0
246.941650628062 79.787
0 0
329.62755691287 159.574
0 0
493.883301256124 159.574
0 0
329.62755691287 159.574
0 0
369.994422711634 159.574
0 0
246.941650628062 79.787
0 0
493.883301256124 159.574
0 0
293.664767917408 79.787
0 0
369.994422711634 79.787
0 0
293.664767917408 79.787
0 0
391.995435981749 79.787
0 0
293.664767917408 79.787
0 0
391.995435981749 159.574
0 0
440 159.574
0 0
493.883301256124 159.574
0 0
440 159.574
0 0
329.62755691287 79.787
0 0
554.365261953744 159.574
0 0
329.62755691287 79.787
0 0
440 79.787
0 0
329.62755691287 79.787
0 0
659.25511382574 79.787
0 0
440 79.787
0 0
493.883301256124 159.574
0 0
739.988845423269 159.574
0 0
783.990871963498 159.574
0 0
739.988845423269 159.574
0 0
783.990871963498 79.787
0 0
739.988845423269 79.787
0 0
659.25511382574 79.787
0 0
493.883301256124 79.787
0 0
587.329535834815 79.787
0 0
391.995435981749 79.787
0 0
493.883301256124 159.574
0 0
587.329535834815 159.574
0 0
440 159.574
0 0
493.883301256124 79.787
0 0
293.664767917408 79.787
0 0
391.995435981749 159.574
0 0
293.664767917408 79.787
0 0
493.883301256124 159.574
0 0
587.329535834815 79.787
0 0
493.883301256124 79.787
0 0
391.995435981749 79.787
0 0
329.62755691287 79.787
0 0
246.941650628062 79.787
0 0
329.62755691287 159.574
0 0
493.883301256124 159.574
0 0
329.62755691287 159.574
0 0
369.994422711634 159.574
0 0
246.941650628062 79.787
0 0
493.883301256124 159.574
0 0
293.664767917408 79.787
0 0
369.994422711634 79.787
0 0
293.664767917408 79.787
0 0
391.995435981749 79.787
0 0
293.664767917408 79.787
0 0
391.995435981749 159.574
0 0
440 159.574
0 0
493.883301256124 159.574
0 0
440 159.574
0 0
329.62755691287 79.787
0 0
554.365261953744 159.574
0 0
329.62755691287 79.787
0 0
440 79.787
0 0
329.62755691287 79.787
0 0
659.25511382574 79.787
0 0
440 79.787
0 0
493.883301256124 159.574
0 0
739.988845423269 159.574
0 0
783.990871963498 159.574
0 0
739.988845423269 159.574
0 0
783.990871963498 79.787
0 0
739.988845423269 79.787
0 0
659.25511382574 79.787
0 0
493.883301256124 79.787
0 0
587.329535834815 79.787
0 0
391.995435981749 79.787
0 0
523.251130601197 159.574
0 0
466.16376151809 159.574
0 0
391.995435981749 159.574
0 0
466.16376151809 159.574
0 0
523.251130601197 159.574
0 0
523.251130601197 478.722
0 0
440 79.787
0 0
349.228231433004 79.787
0 0
293.664767917408 79.787
0 0
440 79.787
0 0
349.228231433004 79.787
0 0
293.664767917408 79.787
0 0
440 79.787
0 0
349.228231433004 79.787
0 0
293.664767917408 79.787
0 0
440 79.787
0 0
349.228231433004 79.787
0 0
293.664767917408 79.787
0 0
440 159.574
0 0
349.228231433004 159.574
0 0
415.304697579945 159.574
0 0
329.62755691287 159.574
0 0
415.304697579945 159.574
0 0
493.883301256124 159.574
0 0
440 638.296
0 0
440 79.787
0 0
349.228231433004 79.787
0 0
293.664767917408 79.787
0 0
440 79.787
0 0
349.228231433004 79.787
0 0
293.664767917408 79.787
0 0
440 79.787
0 0
349.228231433004 79.787
0 0
293.664767917408 79.787
0 0
440 79.787
0 0
349.228231433004 79.787
0 0
293.664767917408 79.787
0 0
440 159.574
0 0
349.228231433004 159.574
0 0
415.304697579945 159.574
0 0
329.62755691287 159.574
0 0
415.304697579945 159.574
0 0
493.883301256124 159.574
0 0
554.365261953744 638.296
0 0
440 79.787
0 0
349.228231433004 79.787
0 0
293.664767917408 79.787
0 0
440 79.787
0 0
349.228231433004 79.787
0 0
293.664767917408 79.787
0 0
440 79.787
0 0
349.228231433004 79.787
0 0
293.664767917408 79.787
0 0
440 79.787
0 0
349.228231433004 79.787
0 0
293.664767917408 79.787
0 0
440 159.574
0 0
349.228231433004 159.574
0 0
311.126983722081 79.787
0 0
523.251130601197 159.574
0 0
311.126983722081 79.787
0 0
466.16376151809 159.574
0 0
311.126983722081 79.787
0 0
415.304697579945 159.574
0 0
311.126983722081 79.787
0 0
466.16376151809 159.574
0 0
523.251130601197 159.574
0 0
554.365261953744 2074.462
0 0
698.456462866008 239.361
0 0
739.988845423269 239.361
0 0
830.60939515989 159.574
