0 5106.368
69.295657744218 159.574
0 159.574
138.591315488436 159.574
0 159.574
69.295657744218 159.574
0 159.574
138.591315488436 159.574
0 159.574
87.307057858251 159.574
0 159.574
174.614115716502 159.574
0 159.574
87.307057858251 159.574
0 159.574
174.614115716502 159.574
0 159.574
92.4986056779086 159.574
0 159.574
184.997211355817 159.574
0 159.574
92.4986056779086 159.574
0 159.574
184.997211355817 159.574
0 159.574
138.591315488436 159.574
0 0
138.591315488436 79.787
0 0
138.591315488436 79.787
0 0
138.591315488436 159.574
0 0
138.591315488436 159.574
0 0
174.614115716502 159.574
0 0
138.591315488436 159.574
0 0
174.614115716502 159.574
0 0
138.591315488436 159.574
0 0
82.4068892282175 638.296
0 0
123.470825314031 638.296
0 0
97.9988589954373 638.296
0 0
92.4986056779086 638.296
0 0
130.812782650299 638.296
0 0
146.832383958704 638.296
0 0
146.832383958704 638.296
0 0
164.813778456435 638.296
0 0
82.4068892282175 638.296
0 0
123.470825314031 638.296
0 0
97.9988589954373 638.296
0 0
92.4986056779086 638.296
0 0
130.812782650299 638.296
0 0
146.832383958704 638.296
0 0
164.813778456435 1276.592
0 0
41.2034446141087 159.574
0 0
82.4068892282175 159.574
0 0
41.2034446141087 159.574
0 0
82.4068892282175 159.574
0 0
61.7354126570155 159.574
0 0
123.470825314031 159.574
0 0
61.7354126570155 159.574
0 0
123.470825314031 159.574
0 0
48.9994294977187 159.574
0 0
97.9988589954373 159.574
0 0
48.9994294977187 159.574
0 0
97.9988589954373 159.574
0 0
46.2493028389543 159.574
0 0
92.4986056779086 159.574
0 0
46.2493028389543 159.574
0 0
92.4986056779086 159.574
0 0
65.4063913251497 159.574
0 0
130.812782650299 159.574
0 0
65.4063913251497 159.574
0 0
130.812782650299 159.574
0 0
73.4161919793519 159.574
0 0
146.832383958704 159.574
0 0
73.4161919793519 159.574
0 0
146.832383958704 159.574
0 0
73.4161919793519 159.574
0 0
146.832383958704 159.574
0 0
73.4161919793519 159.574
0 0
146.832383958704 159.574
0 0
82.4068892282175 159.574
0 0
164.813778456435 159.574
0 0
82.4068892282175 159.574
0 0
164.813778456435 159.574
0 0
41.2034446141087 159.574
0 0
82.4068892282175 159.574
0 0
41.2034446141087 159.574
0 0
82.4068892282175 159.574
0 0
61.7354126570155 159.574
0 0
123.470825314031 159.574
0 0
61.7354126570155 159.574
0 0
123.470825314031 159.574
0 0
48.9994294977187 159.574
0 0
97.9988589954373 159.574
0 0
48.9994294977187 159.574
0 0
97.9988589954373 159.574
0 0
46.2493028389543 159.574
0 0
92.4986056779086 159.574
0 0
46.2493028389543 159.574
0 0
92.4986056779086 159.574
0 0
65.4063913251497 159.574
0 0
130.812782650299 159.574
0 0
65.4063913251497 159.574
0 0
130.812782650299 159.574
0 0
73.4161919793519 159.574
0 0
146.832383958704 159.574
0 0
73.4161919793519 159.574
0 0
146.832383958704 159.574
0 0
73.4161919793519 159.574
0 0
146.832383958704 159.574
0 0
73.4161919793519 159.574
0 0
146.832383958704 159.574
0 0
174.614115716502 239.361
0 0
155.56349186104 239.361
0 0
138.591315488436 159.574
