0 0
73.4161919793519 923.076
0 0
82.4068892282175 923.076
0 0
87.307057858251 923.076
0 0
82.4068892282175 923.076
0 0
73.4161919793519 923.076
0 0
82.4068892282175 923.076
0 0
87.307057858251 923.076
0 0
82.4068892282175 923.076
0 0
73.4161919793519 923.076
0 0
82.4068892282175 923.076
0 0
87.307057858251 923.076
0 0
82.4068892282175 923.076
0 0
116.540940379522 923.076
0 0
87.307057858251 923.076
0 0
116.540940379522 923.076
0 0
110 923.076
0 0
73.4161919793519 923.076
0 0
82.4068892282175 923.076
0 0
87.307057858251 923.076
0 0
82.4068892282175 923.076
0 0
116.540940379522 923.076
0 0
110 923.076
0 0
73.4161919793519 923.076
0 0
82.4068892282175 923.076
0 0
87.307057858251 923.076
0 0
82.4068892282175 923.076
0 0
73.4161919793519 923.076
0 0
82.4068892282175 923.076
0 0
87.307057858251 923.076
0 0
82.4068892282175 923.076
0 0
73.4161919793519 923.076
0 0
82.4068892282175 923.076
0 0
87.307057858251 923.076
0 0
82.4068892282175 923.076
0 0
116.540940379522 923.076
0 0
87.307057858251 923.076
0 0
116.540940379522 923.076
0 0
110 923.076
0 0
73.4161919793519 923.076
0 0
82.4068892282175 923.076
0 0
87.307057858251 923.076
0 0
82.4068892282175 923.076
0 0
116.540940379522 923.076
0 0
110 923.076
0 0
73.4161919793519 923.076
0 0
82.4068892282175 923.076
0 0
87.307057858251 923.076
0 0
82.4068892282175 923.076
0 0
73.4161919793519 923.076
0 0
82.4068892282175 923.076
0 0
87.307057858251 923.076
0 0
82.4068892282175 923.076
0 0
73.4161919793519 923.076
0 0
82.4068892282175 923.076
0 0
87.307057858251 923.076
0 0
82.4068892282175 923.076
0 0
116.540940379522 923.076
0 0
87.307057858251 923.076
0 0
116.540940379522 923.076
0 0
110 923.076
0 0
73.4161919793519 923.076
0 0
82.4068892282175 923.076
0 0
87.307057858251 923.076
0 0
82.4068892282175 923.076
0 0
116.540940379522 923.076
0 0
110 923.076
0 0
73.4161919793519 923.076
0 0
82.4068892282175 923.076
0 0
87.307057858251 923.076
0 0
82.4068892282175 923.076
0 0
73.4161919793519 923.076
0 0
82.4068892282175 923.076
0 0
87.307057858251 923.076
0 0
82.4068892282175 923.076
0 0
73.4161919793519 923.076
0 0
82.4068892282175 923.076
0 0
87.307057858251 923.076
0 0
82.4068892282175 923.076
0 0
116.540940379522 923.076
0 0
87.307057858251 923.076
0 0
116.540940379522 923.076
0 0
110 923.076
0 0
73.4161919793519 923.076
0 0
82.4068892282175 923.076
0 0
87.307057858251 923.076
0 0
82.4068892282175 923.076
0 0
116.540940379522 923.076
0 0
110 923.076
0 0
73.4161919793519 923.076
0 0
82.4068892282175 923.076
0 0
87.307057858251 923.076
0 0
82.4068892282175 923.076
0 0
73.4161919793519 923.076
0 0
82.4068892282175 923.076
0 0
87.307057858251 923.076
0 0
82.4068892282175 923.076
