0 27692.28
587.329535834815 153.846
0 0
698.456462866008 153.846
0 0
1174.65907166963 538.461
0 76.923
587.329535834815 153.846
0 0
698.456462866008 153.846
0 0
1174.65907166963 538.461
0 76.923
1318.51022765148 384.615
0 76.923
1396.91292573202 153.846
0 0
1318.51022765148 153.846
0 0
1396.91292573202 153.846
0 0
1318.51022765148 153.846
0 0
1046.50226120239 153.846
0 0
880 538.461
0 76.923
880 307.692
0 0
587.329535834815 307.692
0 0
698.456462866008 153.846
0 0
783.990871963498 153.846
0 0
880 846.153
0 76.923
880 307.692
0 0
587.329535834815 307.692
0 0
698.456462866008 153.846
0 0
783.990871963498 153.846
0 0
659.25511382574 846.153
0 76.923
587.329535834815 153.846
0 0
698.456462866008 153.846
0 0
1174.65907166963 538.461
0 76.923
587.329535834815 153.846
0 0
698.456462866008 153.846
0 0
1174.65907166963 538.461
0 76.923
1318.51022765148 384.615
0 76.923
1396.91292573202 153.846
0 0
1318.51022765148 153.846
0 0
1396.91292573202 153.846
0 0
1318.51022765148 153.846
0 0
1046.50226120239 153.846
0 0
880 538.461
0 76.923
880 307.692
0 0
587.329535834815 307.692
0 0
698.456462866008 153.846
0 0
783.990871963498 153.846
0 0
880 461.538
0 153.846
880 307.692
0 0
587.329535834815 1769.229
0 25923.051
587.329535834815 153.846
0 0
698.456462866008 153.846
0 0
1174.65907166963 538.461
0 76.923
587.329535834815 153.846
0 0
698.456462866008 153.846
0 0
1174.65907166963 538.461
0 76.923
1318.51022765148 384.615
0 76.923
1396.91292573202 153.846
0 0
1318.51022765148 153.846
0 0
1396.91292573202 153.846
0 0
1318.51022765148 153.846
0 0
1046.50226120239 153.846
0 0
880 538.461
0 76.923
880 307.692
0 0
587.329535834815 307.692
0 0
698.456462866008 153.846
0 0
783.990871963498 153.846
0 0
880 846.153
0 76.923
880 307.692
0 0
587.329535834815 307.692
0 0
698.456462866008 153.846
0 0
783.990871963498 153.846
0 0
659.25511382574 846.153
0 76.923
587.329535834815 153.846
0 0
698.456462866008 153.846
0 0
1174.65907166963 538.461
0 76.923
587.329535834815 153.846
0 0
698.456462866008 153.846
0 0
1174.65907166963 538.461
0 76.923
1318.51022765148 384.615
0 76.923
1396.91292573202 153.846
0 0
1318.51022765148 153.846
0 0
1396.91292573202 153.846
0 0
1318.51022765148 153.846
0 0
1046.50226120239 153.846
0 0
880 538.461
0 76.923
880 307.692
0 0
587.329535834815 307.692
0 0
698.456462866008 153.846
0 0
783.990871963498 153.846
0 0
880 461.538
0 153.846
880 307.692
0 0
587.329535834815 1769.229
