0 307.692
440 153.846
0 153.846
440 153.846
0 307.692
329.62755691287 153.846
0 0
493.883301256124 461.538
0 461.538
523.251130601197 153.846
0 153.846
523.251130601197 153.846
0 307.692
329.62755691287 153.846
0 0
493.883301256124 461.538
0 461.538
440 153.846
0 153.846
440 153.846
0 307.692
329.62755691287 153.846
0 0
493.883301256124 461.538
0 461.538
523.251130601197 153.846
0 153.846
523.251130601197 153.846
0 307.692
329.62755691287 153.846
0 0
493.883301256124 461.538
0 461.538
440 153.846
0 153.846
440 153.846
0 307.692
329.62755691287 153.846
0 0
493.883301256124 461.538
0 461.538
523.251130601197 153.846
0 153.846
523.251130601197 153.846
0 307.692
329.62755691287 153.846
0 0
493.883301256124 461.538
0 461.538
440 153.846
0 153.846
440 153.846
0 461.538
261.625565300599 461.538
0 461.538
293.664767917408 153.846
0 153.846
293.664767917408 153.846
0 461.538
440 461.538
0 461.538
440 153.846
0 153.846
440 153.846
0 307.692
329.62755691287 153.846
0 0
493.883301256124 461.538
0 461.538
523.251130601197 153.846
0 153.846
523.251130601197 153.846
0 307.692
329.62755691287 153.846
0 0
493.883301256124 461.538
0 461.538
440 153.846
0 153.846
440 153.846
0 461.538
277.182630976872 461.538
0 461.538
440 153.846
0 153.846
440 153.846
0 307.692
329.62755691287 153.846
0 0
493.883301256124 461.538
0 461.538
523.251130601197 153.846
0 153.846
523.251130601197 153.846
0 307.692
329.62755691287 153.846
0 0
493.883301256124 461.538
0 461.538
440 153.846
0 153.846
440 153.846
0 307.692
329.62755691287 153.846
0 0
493.883301256124 461.538
0 461.538
523.251130601197 153.846
0 153.846
523.251130601197 153.846
0 307.692
329.62755691287 153.846
0 0
493.883301256124 461.538
0 461.538
440 153.846
0 153.846
440 153.846
0 307.692
329.62755691287 153.846
0 0
493.883301256124 461.538
0 461.538
523.251130601197 153.846
0 153.846
523.251130601197 153.846
0 307.692
329.62755691287 153.846
0 0
493.883301256124 461.538
0 461.538
440 153.846
0 153.846
440 153.846
0 461.538
261.625565300599 461.538
0 461.538
293.664767917408 153.846
0 153.846
293.664767917408 153.846
0 461.538
440 461.538
0 461.538
440 153.846
0 153.846
440 153.846
0 307.692
329.62755691287 153.846
0 0
493.883301256124 461.538
0 461.538
523.251130601197 153.846
0 153.846
523.251130601197 153.846
0 307.692
329.62755691287 153.846
0 0
493.883301256124 461.538
0 461.538
440 153.846
0 153.846
440 153.846
0 461.538
277.182630976872 461.538
0 461.538
440 153.846
0 153.846
440 153.846
0 307.692
329.62755691287 153.846
0 0
493.883301256124 461.538
0 461.538
523.251130601197 153.846
0 153.846
523.251130601197 153.846
0 307.692
329.62755691287 153.846
0 0
493.883301256124 461.538
0 461.538
440 153.846
0 153.846
440 153.846
0 307.692
329.62755691287 153.846
0 0
493.883301256124 461.538
0 461.538
523.251130601197 153.846
0 153.846
523.251130601197 153.846
0 307.692
329.62755691287 153.846
0 0
493.883301256124 461.538
0 461.538
440 153.846
0 153.846
440 153.846
0 307.692
329.62755691287 153.846
0 0
493.883301256124 461.538
0 461.538
523.251130601197 153.846
0 153.846
523.251130601197 153.846
0 307.692
329.62755691287 153.846
0 0
493.883301256124 461.538
0 461.538
440 153.846
0 153.846
440 153.846
0 461.538
261.625565300599 461.538
0 461.538
293.664767917408 153.846
0 153.846
293.664767917408 153.846
0 461.538
440 461.538
0 461.538
440 153.846
0 153.846
440 153.846
0 307.692
329.62755691287 153.846
0 0
493.883301256124 461.538
0 461.538
523.251130601197 153.846
0 153.846
523.251130601197 153.846
0 307.692
329.62755691287 153.846
0 0
493.883301256124 461.538
0 461.538
440 153.846
0 153.846
440 153.846
0 461.538
277.182630976872 461.538
0 461.538
440 153.846
0 153.846
440 153.846
0 307.692
329.62755691287 153.846
0 0
493.883301256124 461.538
0 461.538
523.251130601197 153.846
0 153.846
523.251130601197 153.846
0 307.692
329.62755691287 153.846
0 0
493.883301256124 461.538
0 461.538
440 153.846
0 153.846
440 153.846
0 307.692
329.62755691287 153.846
0 0
493.883301256124 461.538
0 461.538
523.251130601197 153.846
0 153.846
523.251130601197 153.846
0 307.692
329.62755691287 153.846
0 0
493.883301256124 461.538
0 461.538
440 153.846
0 153.846
440 153.846
0 307.692
329.62755691287 153.846
0 0
493.883301256124 461.538
0 461.538
523.251130601197 153.846
0 153.846
523.251130601197 153.846
0 307.692
329.62755691287 153.846
0 0
493.883301256124 461.538
0 461.538
440 153.846
0 153.846
440 153.846
0 461.538
261.625565300599 461.538
0 461.538
293.664767917408 153.846
0 153.846
293.664767917408 153.846
0 461.538
440 461.538
0 461.538
440 153.846
0 153.846
440 153.846
0 307.692
329.62755691287 153.846
0 0
493.883301256124 461.538
0 461.538
523.251130601197 153.846
0 153.846
523.251130601197 153.846
0 307.692
329.62755691287 153.846
0 0
493.883301256124 461.538
0 461.538
440 153.846
0 153.846
440 153.846
0 461.538
277.182630976872 461.538
0 461.538
440 153.846
0 153.846
440 153.846
0 307.692
329.62755691287 153.846
0 0
493.883301256124 461.538
0 461.538
523.251130601197 153.846
0 153.846
523.251130601197 153.846
0 307.692
329.62755691287 153.846
0 0
493.883301256124 461.538
0 461.538
440 153.846
0 153.846
440 153.846
0 307.692
329.62755691287 153.846
0 0
493.883301256124 461.538
0 461.538
523.251130601197 153.846
0 153.846
523.251130601197 153.846
0 307.692
329.62755691287 153.846
0 0
493.883301256124 461.538
