0 4965.516
349.228231433004 310.34475
0 0
349.228231433004 103.44825
0 0
349.228231433004 103.44825
0 103.44825
369.994422711634 103.44825
0 103.44825
349.228231433004 103.44825
0 103.44825
311.126983722081 103.44825
0 103.44825
277.182630976872 103.44825
0 103.44825
311.126983722081 103.44825
0 103.44825
261.625565300599 1034.4825
0 620.6895
233.081880759045 310.34475
0 0
233.081880759045 103.44825
0 0
233.081880759045 103.44825
0 103.44825
261.625565300599 103.44825
0 103.44825
311.126983722081 206.8965
0 0
277.182630976872 103.44825
0 103.44825
261.625565300599 103.44825
0 103.44825
233.081880759045 103.44825
0 103.44825
220 310.34475
0 0
220 103.44825
0 0
220 103.44825
0 103.44825
233.081880759045 103.44825
0 103.44825
261.625565300599 206.8965
0 0
523.251130601197 206.8965
0 0
130.812782650299 206.8965
0 206.8965
349.228231433004 310.34475
0 0
349.228231433004 103.44825
0 0
349.228231433004 103.44825
0 103.44825
311.126983722081 103.44825
0 103.44825
277.182630976872 103.44825
0 103.44825
261.625565300599 103.44825
0 103.44825
233.081880759045 103.44825
0 103.44825
277.182630976872 103.44825
0 103.44825
261.625565300599 1034.4825
0 413.793
261.625565300599 206.8965
0 0
277.182630976872 103.44825
0 103.44825
261.625565300599 103.44825
0 103.44825
233.081880759045 103.44825
0 103.44825
207.652348789973 103.44825
0 103.44825
195.997717990875 413.793
0 413.793
554.365261953744 103.44825
0 103.44825
523.251130601197 103.44825
0 103.44825
466.16376151809 103.44825
0 103.44825
415.304697579945 103.44825
0 103.44825
391.995435981749 413.793
0 620.6895
554.365261953744 103.44825
0 0
554.365261953744 103.44825
0 0
554.365261953744 103.44825
0 0
554.365261953744 103.44825
0 0
554.365261953744 103.44825
0 0
554.365261953744 103.44825
0 0
523.251130601197 103.44825
0 103.44825
554.365261953744 103.44825
0 103.44825
523.251130601197 206.8965
0 0
466.16376151809 103.44825
0 310.34475
523.251130601197 103.44825
0 0
523.251130601197 103.44825
0 0
523.251130601197 103.44825
0 0
523.251130601197 103.44825
0 0
523.251130601197 103.44825
0 0
523.251130601197 103.44825
0 0
493.883301256124 103.44825
0 103.44825
523.251130601197 103.44825
0 103.44825
391.995435981749 206.8965
0 0
349.228231433004 103.44825
0 310.34475
554.365261953744 103.44825
0 0
554.365261953744 103.44825
0 0
554.365261953744 103.44825
0 0
554.365261953744 103.44825
0 0
554.365261953744 103.44825
0 0
554.365261953744 103.44825
0 0
523.251130601197 103.44825
0 103.44825
554.365261953744 103.44825
0 103.44825
523.251130601197 206.8965
0 0
466.16376151809 103.44825
0 103.44825
246.941650628062 103.44825
0 0
261.625565300599 103.44825
0 0
311.126983722081 103.44825
0 0
329.62755691287 103.44825
0 0
493.883301256124 103.44825
0 0
523.251130601197 103.44825
0 0
622.253967444162 103.44825
0 0
659.25511382574 103.44825
0 0
783.990871963498 103.44825
0 103.44825
659.25511382574 103.44825
0 103.44825
698.456462866008 206.8965
0 0
523.251130601197 103.44825
0 310.34475
554.365261953744 103.44825
0 0
554.365261953744 103.44825
0 0
554.365261953744 103.44825
0 0
554.365261953744 103.44825
0 0
554.365261953744 103.44825
0 0
554.365261953744 103.44825
0 0
698.456462866008 103.44825
0 103.44825
622.253967444162 103.44825
0 103.44825
554.365261953744 206.8965
0 0
698.456462866008 103.44825
0 310.34475
523.251130601197 103.44825
0 0
523.251130601197 103.44825
0 0
523.251130601197 103.44825
0 0
523.251130601197 103.44825
0 0
523.251130601197 103.44825
0 0
523.251130601197 103.44825
0 0
830.60939515989 413.793
0 0
783.990871963498 206.8965
0 0
698.456462866008 155.172375
0 51.724125
523.251130601197 206.8965
0 103.44825
523.251130601197 103.44825
0 0
523.251130601197 103.44825
0 103.44825
415.304697579945 103.44825
0 103.44825
349.228231433004 206.8965
0 0
277.182630976872 103.44825
0 103.44825
261.625565300599 310.34475
0 103.44825
277.182630976872 103.44825
0 0
261.625565300599 103.44825
0 0
246.941650628062 103.44825
0 103.44825
261.625565300599 103.44825
0 0
246.941650628062 103.44825
0 0
207.652348789973 103.44825
0 103.44825
195.997717990875 103.44825
0 103.44825
207.652348789973 103.44825
0 103.44825
174.614115716502 206.8965
0 206.8965
554.365261953744 103.44825
0 0
523.251130601197 103.44825
0 0
493.883301256124 103.44825
0 103.44825
523.251130601197 103.44825
0 0
493.883301256124 103.44825
0 0
415.304697579945 103.44825
0 103.44825
391.995435981749 103.44825
0 103.44825
415.304697579945 103.44825
0 103.44825
349.228231433004 206.8965
