0 1655.172
246.941650628062 51.724125
0 155.172375
69.295657744218 51.724125
0 51.724125
69.295657744218 51.724125
0 51.724125
61.7354126570155 51.724125
0 129.3103125
69.295657744218 51.724125
0 181.0344375
61.7354126570155 51.724125
0 155.172375
69.295657744218 51.724125
0 51.724125
69.295657744218 51.724125
0 51.724125
61.7354126570155 51.724125
0 129.3103125
69.295657744218 51.724125
0 181.0344375
61.7354126570155 51.724125
0 155.172375
69.295657744218 51.724125
0 51.724125
69.295657744218 51.724125
0 51.724125
61.7354126570155 51.724125
0 129.3103125
69.295657744218 51.724125
0 181.0344375
61.7354126570155 51.724125
0 155.172375
69.295657744218 51.724125
0 51.724125
69.295657744218 51.724125
0 51.724125
61.7354126570155 51.724125
0 142.24134375
73.4161919793519 51.724125
0 168.10340625
61.7354126570155 51.724125
0 155.172375
69.295657744218 51.724125
0 51.724125
69.295657744218 51.724125
0 51.724125
61.7354126570155 51.724125
0 129.3103125
69.295657744218 51.724125
0 181.0344375
61.7354126570155 51.724125
0 155.172375
69.295657744218 51.724125
0 51.724125
69.295657744218 51.724125
0 51.724125
61.7354126570155 51.724125
0 129.3103125
69.295657744218 51.724125
0 181.0344375
61.7354126570155 51.724125
0 155.172375
69.295657744218 51.724125
0 51.724125
69.295657744218 51.724125
0 51.724125
61.7354126570155 51.724125
0 129.3103125
69.295657744218 51.724125
0 181.0344375
61.7354126570155 51.724125
0 155.172375
69.295657744218 51.724125
0 155.172375
69.295657744218 51.724125
0 362.068875
61.7354126570155 51.724125
0 155.172375
69.295657744218 51.724125
0 51.724125
69.295657744218 51.724125
0 51.724125
61.7354126570155 51.724125
0 129.3103125
69.295657744218 51.724125
0 181.0344375
61.7354126570155 51.724125
0 155.172375
69.295657744218 51.724125
0 51.724125
69.295657744218 51.724125
0 51.724125
61.7354126570155 51.724125
0 129.3103125
69.295657744218 51.724125
0 181.0344375
61.7354126570155 51.724125
0 155.172375
69.295657744218 51.724125
0 51.724125
69.295657744218 51.724125
0 51.724125
61.7354126570155 51.724125
0 129.3103125
69.295657744218 51.724125
0 181.0344375
61.7354126570155 51.724125
0 155.172375
69.295657744218 51.724125
0 155.172375
69.295657744218 51.724125
0 362.068875
61.7354126570155 51.724125
0 155.172375
69.295657744218 51.724125
0 51.724125
69.295657744218 51.724125
0 51.724125
61.7354126570155 51.724125
0 129.3103125
69.295657744218 51.724125
0 181.0344375
61.7354126570155 51.724125
0 155.172375
69.295657744218 51.724125
0 51.724125
69.295657744218 51.724125
0 51.724125
61.7354126570155 51.724125
0 129.3103125
69.295657744218 51.724125
0 181.0344375
61.7354126570155 51.724125
0 155.172375
69.295657744218 51.724125
0 51.724125
69.295657744218 51.724125
0 51.724125
61.7354126570155 51.724125
0 129.3103125
69.295657744218 51.724125
0 181.0344375
61.7354126570155 51.724125
0 155.172375
69.295657744218 51.724125
0 155.172375
69.295657744218 51.724125
0 362.068875
246.941650628062 51.724125
0 155.172375
246.941650628062 51.724125
0 155.172375
246.941650628062 51.724125
0 155.172375
246.941650628062 51.724125
0 155.172375
246.941650628062 51.724125
0 362.068875
155.56349186104 51.724125
0 362.068875
61.7354126570155 51.724125
0 155.172375
69.295657744218 51.724125
0 51.724125
69.295657744218 51.724125
0 51.724125
61.7354126570155 51.724125
0 129.3103125
69.295657744218 51.724125
0 181.0344375
61.7354126570155 51.724125
0 155.172375
69.295657744218 51.724125
0 155.172375
69.295657744218 51.724125
0 362.068875
61.7354126570155 51.724125
0 155.172375
69.295657744218 51.724125
0 51.724125
69.295657744218 51.724125
0 51.724125
61.7354126570155 51.724125
0 129.3103125
69.295657744218 51.724125
0 181.0344375
61.7354126570155 51.724125
0 155.172375
69.295657744218 51.724125
0 51.724125
69.295657744218 51.724125
0 51.724125
61.7354126570155 51.724125
0 129.3103125
69.295657744218 51.724125
0 181.0344375
61.7354126570155 51.724125
0 155.172375
69.295657744218 51.724125
0 51.724125
69.295657744218 51.724125
0 51.724125
61.7354126570155 51.724125
0 129.3103125
69.295657744218 51.724125
0 181.0344375
61.7354126570155 51.724125
0 155.172375
69.295657744218 51.724125
0 51.724125
69.295657744218 51.724125
0 51.724125
61.7354126570155 51.724125
0 129.3103125
69.295657744218 51.724125
0 181.0344375
61.7354126570155 51.724125
0 155.172375
69.295657744218 51.724125
0 51.724125
69.295657744218 51.724125
0 51.724125
61.7354126570155 51.724125
0 129.3103125
69.295657744218 51.724125
0 181.0344375
61.7354126570155 51.724125
0 155.172375
69.295657744218 51.724125
0 51.724125
69.295657744218 51.724125
0 51.724125
61.7354126570155 51.724125
0 129.3103125
69.295657744218 51.724125
0 181.0344375
61.7354126570155 51.724125
0 155.172375
69.295657744218 51.724125
0 51.724125
69.295657744218 51.724125
0 51.724125
61.7354126570155 51.724125
0 129.3103125
69.295657744218 51.724125
0 181.0344375
61.7354126570155 51.724125
0 155.172375
69.295657744218 51.724125
0 155.172375
69.295657744218 51.724125
0 362.068875
61.7354126570155 51.724125
0 155.172375
69.295657744218 51.724125
0 51.724125
69.295657744218 51.724125
0 51.724125
61.7354126570155 51.724125
0 129.3103125
69.295657744218 51.724125
0 181.0344375
61.7354126570155 51.724125
0 155.172375
69.295657744218 51.724125
0 51.724125
69.295657744218 51.724125
0 51.724125
61.7354126570155 51.724125
0 129.3103125
69.295657744218 51.724125
0 181.0344375
61.7354126570155 51.724125
0 155.172375
69.295657744218 51.724125
0 51.724125
69.295657744218 51.724125
0 51.724125
61.7354126570155 51.724125
0 129.3103125
69.295657744218 51.724125
0 181.0344375
61.7354126570155 51.724125
0 155.172375
69.295657744218 51.724125
0 155.172375
69.295657744218 51.724125
0 362.068875
61.7354126570155 51.724125
0 155.172375
69.295657744218 51.724125
0 51.724125
69.295657744218 51.724125
0 51.724125
61.7354126570155 51.724125
0 129.3103125
69.295657744218 51.724125
0 181.0344375
61.7354126570155 51.724125
0 155.172375
69.295657744218 51.724125
0 155.172375
69.295657744218 51.724125
0 362.068875
61.7354126570155 51.724125
0 155.172375
69.295657744218 51.724125
0 51.724125
69.295657744218 51.724125
0 51.724125
61.7354126570155 51.724125
0 129.3103125
69.295657744218 51.724125
0 181.0344375
61.7354126570155 51.724125
0 155.172375
69.295657744218 51.724125
0 155.172375
69.295657744218 51.724125
0 362.068875
61.7354126570155 51.724125
0 155.172375
69.295657744218 51.724125
0 51.724125
69.295657744218 51.724125
0 51.724125
61.7354126570155 51.724125
0 129.3103125
69.295657744218 51.724125
0 181.0344375
61.7354126570155 51.724125
0 155.172375
69.295657744218 51.724125
0 155.172375
69.295657744218 51.724125
