0 7034.481
1046.50226120239 103.44825
0 0
1108.73052390749 103.44825
0 0
1046.50226120239 103.44825
0 0
932.32752303618 103.44825
0 0
1046.50226120239 103.44825
0 103.44825
698.456462866008 103.44825
0 103.44825
698.456462866008 206.8965
0 0
1046.50226120239 206.8965
0 5379.309
932.32752303618 103.44825
0 0
987.766602512248 103.44825
0 0
1046.50226120239 103.44825
0 0
1108.73052390749 103.44825
0 0
1046.50226120239 103.44825
0 103.44825
698.456462866008 103.44825
0 103.44825
698.456462866008 206.8965
0 0
1046.50226120239 103.44825
