0 0
523.251130601197 64.65515625
0 0
554.365261953744 64.65515625
0 0
523.251130601197 64.65515625
0 0
554.365261953744 64.65515625
0 0
523.251130601197 64.65515625
0 4.31034375
554.365261953744 64.65515625
0 0
523.251130601197 64.65515625
0 0
554.365261953744 64.65515625
0 0
523.251130601197 64.65515625
0 0
554.365261953744 64.65515625
0 0
523.251130601197 64.65515625
0 4.31034375
554.365261953744 64.65515625
0 0
523.251130601197 64.65515625
0 0
554.365261953744 64.65515625
0 0
523.251130601197 64.65515625
0 0
554.365261953744 64.65515625
0 0
523.251130601197 64.65515625
0 4.31034375
554.365261953744 64.65515625
0 0
523.251130601197 64.65515625
0 0
554.365261953744 64.65515625
0 0
523.251130601197 64.65515625
0 0
554.365261953744 64.65515625
0 0
523.251130601197 64.65515625
0 0
523.251130601197 47.41378125
0 4.31034375
659.25511382574 34.48275
0 0
783.990871963498 34.48275
0 4.31034375
1046.50226120239 30.17240625
0 0
1396.91292573202 413.793
