0 1655.172
43.6535289291255 103.44825
0 103.44825
87.307057858251 103.44825
0 0
87.307057858251 103.44825
0 0
43.6535289291255 103.44825
0 103.44825
87.307057858251 103.44825
0 103.44825
46.2493028389543 103.44825
0 103.44825
138.591315488436 103.44825
0 103.44825
46.2493028389543 103.44825
0 103.44825
92.4986056779086 103.44825
0 103.44825
87.307057858251 103.44825
0 103.44825
130.812782650299 103.44825
0 0
130.812782650299 103.44825
0 0
87.307057858251 103.44825
0 103.44825
130.812782650299 103.44825
0 103.44825
46.2493028389543 103.44825
0 103.44825
138.591315488436 103.44825
0 103.44825
87.307057858251 206.8965
0 206.8965
43.6535289291255 103.44825
0 103.44825
130.812782650299 103.44825
0 0
130.812782650299 103.44825
0 0
87.307057858251 103.44825
0 103.44825
130.812782650299 103.44825
0 103.44825
46.2493028389543 103.44825
0 103.44825
46.2493028389543 103.44825
0 0
87.307057858251 103.44825
0 0
92.4986056779086 103.44825
0 103.44825
87.307057858251 103.44825
0 103.44825
87.307057858251 103.44825
0 103.44825
130.812782650299 103.44825
0 0
130.812782650299 103.44825
0 0
43.6535289291255 103.44825
0 103.44825
65.4063913251497 103.44825
0 103.44825
46.2493028389543 103.44825
0 103.44825
48.9994294977187 103.44825
0 103.44825
55 103.44825
0 103.44825
43.6535289291255 206.8965
0 0
116.540940379522 103.44825
0 103.44825
174.614115716502 103.44825
0 0
116.540940379522 103.44825
0 0
116.540940379522 103.44825
0 103.44825
116.540940379522 103.44825
0 103.44825
58.2704701897612 206.8965
0 0
61.7354126570155 103.44825
0 103.44825
65.4063913251497 206.8965
0 0
69.295657744218 103.44825
0 103.44825
261.625565300599 310.34475
0 0
246.941650628062 103.44825
0 0
261.625565300599 103.44825
0 103.44825
293.664767917408 103.44825
0 103.44825
329.62755691287 206.8965
0 0
130.812782650299 206.8965
0 0
65.4063913251497 206.8965
0 206.8965
43.6535289291255 103.44825
0 103.44825
130.812782650299 103.44825
0 0
130.812782650299 103.44825
0 0
87.307057858251 103.44825
0 103.44825
87.307057858251 103.44825
0 103.44825
87.307057858251 103.44825
0 103.44825
87.307057858251 103.44825
0 103.44825
92.4986056779086 103.44825
0 103.44825
92.4986056779086 103.44825
0 103.44825
87.307057858251 103.44825
0 103.44825
130.812782650299 103.44825
0 0
130.812782650299 103.44825
0 0
87.307057858251 103.44825
0 103.44825
87.307057858251 103.44825
0 103.44825
87.307057858251 103.44825
0 103.44825
130.812782650299 103.44825
0 103.44825
130.812782650299 103.44825
0 103.44825
110 103.44825
0 103.44825
138.591315488436 103.44825
0 103.44825
130.812782650299 103.44825
0 103.44825
116.540940379522 103.44825
0 103.44825
138.591315488436 103.44825
0 103.44825
97.9988589954373 413.793
0 413.793
277.182630976872 103.44825
0 103.44825
349.228231433004 103.44825
0 103.44825
233.081880759045 103.44825
0 103.44825
277.182630976872 103.44825
0 103.44825
261.625565300599 413.793
0 413.793
58.2704701897612 103.44825
0 103.44825
87.307057858251 103.44825
0 0
116.540940379522 103.44825
0 0
116.540940379522 103.44825
0 103.44825
87.307057858251 103.44825
0 103.44825
58.2704701897612 103.44825
0 103.44825
116.540940379522 103.44825
0 0
233.081880759045 103.44825
0 0
116.540940379522 103.44825
0 103.44825
233.081880759045 103.44825
0 103.44825
87.307057858251 103.44825
0 0
43.6535289291255 103.44825
0 0
130.812782650299 103.44825
0 0
130.812782650299 103.44825
0 0
103.826174394986 206.8965
0 0
110 103.44825
0 0
116.540940379522 103.44825
0 0
138.591315488436 206.8965
0 0
146.832383958704 103.44825
0 0
130.812782650299 103.44825
0 0
164.813778456435 206.8965
0 0
174.614115716502 103.44825
0 103.44825
58.2704701897612 206.8965
0 0
116.540940379522 103.44825
0 0
116.540940379522 103.44825
0 0
65.4063913251497 206.8965
0 0
130.812782650299 103.44825
0 103.44825
69.295657744218 206.8965
0 0
138.591315488436 103.44825
0 0
233.081880759045 103.44825
0 0
65.4063913251497 206.8965
0 0
130.812782650299 103.44825
0 0
65.4063913251497 103.44825
0 0
174.614115716502 103.44825
0 0
87.307057858251 103.44825
0 0
155.56349186104 103.44825
0 0
130.812782650299 103.44825
0 0
138.591315488436 103.44825
0 0
69.295657744218 103.44825
0 0
130.812782650299 103.44825
0 0
65.4063913251497 103.44825
0 0
116.540940379522 103.44825
0 0
58.2704701897612 103.44825
0 0
103.826174394986 103.44825
0 0
51.9130871974931 103.44825
0 0
97.9988589954373 103.44825
0 0
48.9994294977187 103.44825
0 0
87.307057858251 103.44825
0 0
43.6535289291255 103.44825
0 0
174.614115716502 103.44825
0 0
87.307057858251 103.44825
0 0
116.540940379522 103.44825
0 103.44825
233.081880759045 103.44825
0 103.44825
116.540940379522 206.8965
0 0
174.614115716502 103.44825
0 0
116.540940379522 103.44825
0 0
116.540940379522 206.8965
0 0
138.591315488436 103.44825
0 103.44825
130.812782650299 206.8965
0 0
130.812782650299 103.44825
0 0
195.997717990875 103.44825
0 0
97.9988589954373 206.8965
0 0
261.625565300599 103.44825
0 103.44825
130.812782650299 103.44825
0 0
130.812782650299 103.44825
0 0
174.614115716502 206.8965
0 0
130.812782650299 103.44825
0 103.44825
130.812782650299 103.44825
0 103.44825
130.812782650299 103.44825
0 0
130.812782650299 103.44825
0 0
130.812782650299 103.44825
0 103.44825
103.826174394986 103.44825
0 103.44825
87.307057858251 206.8965
0 0
261.625565300599 103.44825
0 103.44825
65.4063913251497 310.34475
0 103.44825
69.295657744218 103.44825
0 0
65.4063913251497 103.44825
0 0
61.7354126570155 103.44825
0 103.44825
130.812782650299 103.44825
0 0
123.470825314031 103.44825
0 0
51.9130871974931 103.44825
0 103.44825
48.9994294977187 103.44825
0 103.44825
103.826174394986 103.44825
0 103.44825
87.307057858251 103.44825
0 310.34475
277.182630976872 103.44825
0 0
130.812782650299 103.44825
0 0
246.941650628062 103.44825
0 103.44825
130.812782650299 103.44825
0 0
123.470825314031 103.44825
0 0
207.652348789973 103.44825
0 103.44825
97.9988589954373 103.44825
0 103.44825
103.826174394986 103.44825
0 103.44825
87.307057858251 206.8965
