0 4965.516
698.456462866008 310.34475
0 0
698.456462866008 103.44825
0 0
698.456462866008 103.44825
0 103.44825
739.988845423269 103.44825
0 103.44825
698.456462866008 103.44825
0 103.44825
622.253967444162 103.44825
0 103.44825
554.365261953744 103.44825
0 103.44825
622.253967444162 103.44825
0 103.44825
523.251130601197 1034.4825
0 620.6895
466.16376151809 310.34475
0 0
466.16376151809 103.44825
0 0
466.16376151809 103.44825
0 103.44825
523.251130601197 103.44825
0 103.44825
622.253967444162 206.8965
0 0
554.365261953744 103.44825
0 103.44825
523.251130601197 103.44825
0 103.44825
466.16376151809 103.44825
0 103.44825
440 310.34475
0 0
440 103.44825
0 0
440 103.44825
0 103.44825
466.16376151809 103.44825
0 103.44825
523.251130601197 206.8965
0 0
1046.50226120239 206.8965
0 0
261.625565300599 206.8965
0 206.8965
698.456462866008 310.34475
0 0
698.456462866008 103.44825
0 0
698.456462866008 103.44825
0 103.44825
622.253967444162 103.44825
0 103.44825
554.365261953744 103.44825
0 103.44825
523.251130601197 103.44825
0 103.44825
466.16376151809 103.44825
0 103.44825
554.365261953744 103.44825
0 103.44825
523.251130601197 1034.4825
0 413.793
523.251130601197 206.8965
0 0
554.365261953744 103.44825
0 103.44825
523.251130601197 103.44825
0 103.44825
466.16376151809 103.44825
0 103.44825
415.304697579945 103.44825
0 103.44825
391.995435981749 413.793
0 413.793
1108.73052390749 103.44825
0 103.44825
1046.50226120239 103.44825
0 103.44825
932.32752303618 103.44825
0 103.44825
830.60939515989 103.44825
0 103.44825
783.990871963498 413.793
0 620.6895
1108.73052390749 103.44825
0 0
1108.73052390749 103.44825
0 0
1108.73052390749 103.44825
0 0
1108.73052390749 103.44825
0 0
1108.73052390749 103.44825
0 0
1108.73052390749 103.44825
0 0
1046.50226120239 103.44825
0 103.44825
1108.73052390749 103.44825
0 103.44825
1046.50226120239 206.8965
0 0
932.32752303618 103.44825
0 310.34475
1046.50226120239 103.44825
0 0
1046.50226120239 103.44825
0 0
1046.50226120239 103.44825
0 0
1046.50226120239 103.44825
0 0
1046.50226120239 103.44825
0 0
1046.50226120239 103.44825
0 0
987.766602512248 103.44825
0 103.44825
1046.50226120239 103.44825
0 103.44825
783.990871963498 206.8965
0 0
698.456462866008 103.44825
0 310.34475
1108.73052390749 103.44825
0 0
1108.73052390749 103.44825
0 0
1108.73052390749 103.44825
0 0
1108.73052390749 103.44825
0 0
1108.73052390749 103.44825
0 0
1108.73052390749 103.44825
0 0
1046.50226120239 103.44825
0 103.44825
1108.73052390749 103.44825
0 103.44825
1046.50226120239 206.8965
0 0
932.32752303618 103.44825
0 103.44825
493.883301256124 103.44825
0 0
523.251130601197 103.44825
0 0
622.253967444162 103.44825
0 0
659.25511382574 103.44825
0 0
987.766602512248 103.44825
0 0
1046.50226120239 103.44825
0 0
1244.50793488832 103.44825
0 0
1318.51022765148 103.44825
0 0
1567.981743927 103.44825
0 103.44825
1318.51022765148 103.44825
0 103.44825
1396.91292573202 206.8965
0 0
1046.50226120239 103.44825
0 310.34475
1108.73052390749 103.44825
0 0
1108.73052390749 103.44825
0 0
1108.73052390749 103.44825
0 0
1108.73052390749 103.44825
0 0
1108.73052390749 103.44825
0 0
1108.73052390749 103.44825
0 0
1396.91292573202 103.44825
0 103.44825
1244.50793488832 103.44825
0 103.44825
1108.73052390749 206.8965
0 0
1396.91292573202 103.44825
0 310.34475
1046.50226120239 103.44825
0 0
1046.50226120239 103.44825
0 0
1046.50226120239 103.44825
0 0
1046.50226120239 103.44825
0 0
1046.50226120239 103.44825
0 0
1046.50226120239 103.44825
0 0
1661.21879031978 413.793
0 0
1567.981743927 206.8965
0 0
1396.91292573202 155.172375
0 51.724125
1046.50226120239 206.8965
0 103.44825
1046.50226120239 103.44825
0 0
1046.50226120239 103.44825
0 103.44825
830.60939515989 103.44825
0 103.44825
698.456462866008 206.8965
0 0
554.365261953744 103.44825
0 103.44825
523.251130601197 310.34475
0 103.44825
554.365261953744 103.44825
0 0
523.251130601197 103.44825
0 0
493.883301256124 103.44825
0 103.44825
523.251130601197 103.44825
0 0
493.883301256124 103.44825
0 0
415.304697579945 103.44825
0 103.44825
391.995435981749 103.44825
0 103.44825
415.304697579945 103.44825
0 103.44825
349.228231433004 206.8965
0 206.8965
1108.73052390749 103.44825
0 0
1046.50226120239 103.44825
0 0
987.766602512248 103.44825
0 103.44825
1046.50226120239 103.44825
0 0
987.766602512248 103.44825
0 0
830.60939515989 103.44825
0 103.44825
783.990871963498 103.44825
0 103.44825
830.60939515989 103.44825
0 103.44825
698.456462866008 206.8965
